1000
2000
1 556 975
1 875 605
1 706 407
1 859 786
1 635 326
1 106 656
2 335 667
2 87 870
2 889 429
2 960 834
2 480 282
2 809 289
2 371 798
3 671 871
4 848 209
4 566 409
4 72 869
4 232 666
5 343 569
5 443 380
5 792 949
6 353 955
6 676 1000
6 173 646
6 141 817
7 907 751
7 878 626
7 119 275
7 533 402
7 590 557
7 432 818
9 147 54
9 710 730
9 117 185
10 277 372
10 28 642
10 371 448
10 323 74
10 658 749
11 501 240
11 125 19
11 966 610
11 82 476
11 281 303
12 200 80
12 734 363
13 975 495
13 576 969
13 154 576
13 329 343
13 125 195
13 155 279
13 64 475
14 188 91
14 848 766
14 157 543
14 257 893
14 392 824
14 748 38
14 695 993
15 500 666
15 638 536
15 546 760
15 922 451
15 504 183
16 366 367
16 755 56
16 161 336
16 82 150
16 821 9
16 505 465
17 513 689
17 236 412
17 448 851
17 221 952
17 705 285
17 305 914
17 219 562
17 118 992
18 968 869
18 456 337
18 367 416
18 24 116
18 321 165
19 798 693
19 350 602
19 128 291
20 828 246
20 719 317
20 274 928
20 770 319
21 808 968
21 603 870
21 22 697
22 338 907
22 850 263
22 212 3
22 449 74
22 757 237
23 736 100
23 611 551
23 123 173
23 638 44
23 147 677
24 405 328
24 606 229
25 498 758
25 598 233
25 48 476
25 89 862
25 880 476
25 335 892
25 37 872
25 399 860
26 280 804
26 72 450
26 737 798
26 82 797
28 835 477
28 239 617
28 351 357
28 964 398
28 771 74
28 338 248
28 733 139
29 391 999
29 939 324
29 42 933
30 841 931
30 472 388
31 979 656
31 418 764
31 673 748
32 758 655
32 679 702
33 764 76
33 49 522
33 950 441
34 331 483
34 77 185
35 679 2
35 115 10
35 441 873
35 122 546
35 276 25
35 932 435
35 695 886
35 792 567
35 330 905
36 822 482
36 958 216
37 375 462
37 845 137
37 791 751
37 325 443
37 945 663
38 636 729
38 751 250
38 309 192
38 160 257
38 273 409
38 376 50
38 420 292
39 386 626
39 699 968
39 485 733
40 968 200
41 932 571
41 574 989
41 963 145
42 497 548
42 934 338
42 431 708
42 933 339
42 411 182
42 670 441
42 788 511
43 696 408
43 937 769
44 307 349
44 130 504
45 956 936
45 558 818
46 249 302
47 573 810
47 306 235
47 747 597
47 121 948
48 523 442
48 422 576
48 476 847
49 317 944
49 500 482
49 622 59
50 84 633
50 955 324
50 903 678
50 379 974
51 410 10
51 607 561
53 122 491
53 662 134
53 147 299
53 60 265
53 156 203
53 194 702
53 965 467
53 340 54
53 115 126
54 195 397
54 150 202
54 146 289
54 443 718
55 572 739
55 958 165
56 609 632
56 708 192
56 980 570
57 358 245
57 409 852
57 948 947
57 268 106
58 686 715
58 938 194
58 950 792
58 61 44
58 396 875
58 890 926
58 810 819
58 811 321
58 93 466
58 443 850
59 201 735
59 208 616
59 743 437
59 361 849
59 329 566
59 870 59
60 128 334
60 573 36
60 390 261
60 254 585
61 832 194
61 902 298
61 240 11
62 495 803
62 404 64
63 535 369
63 200 632
63 670 164
63 769 115
64 296 66
64 77 929
64 311 876
64 78 811
65 828 12
65 830 160
66 177 660
66 264 248
66 686 692
66 423 575
66 716 178
67 203 702
68 425 726
68 455 961
68 104 137
68 885 490
69 363 410
69 154 803
69 745 491
69 456 117
70 345 725
71 493 789
71 463 290
71 414 648
72 167 967
72 619 55
72 795 562
72 150 974
72 182 357
73 396 496
73 378 183
73 989 856
73 741 454
73 289 894
74 177 377
75 750 584
75 445 873
75 305 520
75 648 336
75 940 397
76 755 970
76 501 1
76 182 466
76 101 559
77 920 469
77 895 649
77 461 999
78 896 532
78 942 771
78 675 46
78 777 190
78 637 525
78 467 979
78 855 895
79 658 572
79 913 81
79 434 955
80 417 82
80 637 615
80 141 583
81 702 345
81 108 386
81 548 945
81 240 860
82 534 387
82 569 989
83 774 213
83 553 619
83 647 822
83 779 52
84 665 806
84 356 147
85 863 315
85 394 768
85 430 606
85 194 489
85 241 817
86 923 834
86 691 709
86 571 464
86 798 113
86 833 274
86 624 743
86 838 484
86 823 754
86 150 475
87 195 247
87 779 319
87 644 929
88 576 65
88 613 904
89 496 267
89 689 906
90 948 819
90 189 143
90 995 136
90 421 524
91 913 556
91 853 150
91 133 678
91 436 672
92 634 788
92 635 794
92 659 778
92 672 999
92 183 175
92 646 807
93 939 107
93 193 344
93 636 433
93 500 761
94 592 275
94 495 784
95 440 506
95 266 224
95 812 820
95 857 252
95 611 800
95 936 963
95 594 736
96 856 958
96 927 788
96 419 607
96 652 893
97 247 425
97 513 978
97 316 240
98 364 638
98 125 983
98 191 32
99 733 568
99 207 931
99 851 108
100 104 831
100 447 385
101 400 700
101 108 847
101 845 946
101 996 947
101 976 110
101 564 524
101 221 135
102 831 920
102 616 467
102 604 830
103 945 650
103 659 65
105 250 634
105 391 14
105 521 398
105 381 355
105 885 138
106 129 799
106 502 487
107 951 812
107 748 249
107 245 928
107 443 683
108 240 737
109 496 803
109 762 376
109 152 598
109 387 974
109 321 48
110 298 555
110 566 30
110 747 676
110 539 250
111 354 691
111 844 381
111 865 260
113 148 680
113 834 163
113 676 849
113 854 666
113 835 937
113 826 713
113 857 8
113 114 798
113 761 899
114 981 968
114 606 852
114 679 582
114 285 890
114 413 197
114 789 306
115 733 476
115 953 112
115 306 676
115 823 114
115 321 3
115 712 464
116 792 36
116 565 493
116 917 462
116 132 497
116 742 97
116 761 140
116 648 673
117 595 524
117 889 1
117 975 690
117 704 34
117 638 344
118 918 817
118 691 996
118 842 180
119 583 74
119 753 666
119 747 275
120 626 716
120 700 690
120 932 522
120 597 769
120 715 529
120 964 153
121 549 72
121 721 858
121 715 966
121 593 726
121 541 520
121 643 27
122 407 414
122 259 307
123 404 239
123 812 470
123 205 209
123 506 230
123 507 235
124 143 833
124 729 425
124 228 399
124 549 123
124 243 199
124 974 567
125 382 302
125 645 314
125 950 368
125 934 935
126 370 679
126 576 106
126 835 288
127 135 974
128 857 200
128 821 173
128 947 822
128 274 828
128 270 181
128 435 898
128 672 33
129 519 508
129 556 692
129 329 660
130 275 30
130 801 38
131 569 963
131 495 610
131 707 2
131 554 717
131 724 503
131 835 991
132 224 353
132 345 16
132 444 59
132 877 290
132 951 769
133 716 869
133 436 488
133 721 439
134 481 686
134 156 545
134 145 248
135 757 208
135 427 208
135 457 959
135 907 3
135 434 85
135 774 190
136 906 416
136 395 553
136 515 6
136 782 20
137 820 728
138 505 763
138 178 725
139 944 558
139 835 62
139 243 885
140 222 590
140 206 453
140 748 514
140 532 735
140 739 618
140 610 369
141 555 159
141 941 46
141 964 126
141 744 488
141 405 188
142 676 138
142 251 577
142 981 176
143 812 12
143 600 227
143 565 590
143 220 465
143 742 292
143 534 190
143 484 727
144 546 406
144 547 314
144 531 399
144 887 175
145 514 189
145 219 616
145 277 983
146 903 23
146 896 719
147 336 938
147 681 225
148 585 876
148 892 725
150 411 28
150 290 985
150 434 9
151 892 411
151 940 837
151 766 292
152 464 441
152 216 642
152 676 316
152 673 837
152 667 939
152 296 554
152 864 154
153 558 864
153 944 895
153 763 812
153 640 637
153 851 50
153 951 773
153 814 704
154 662 856
154 988 91
154 634 726
154 392 579
155 822 555
155 527 832
155 974 706
155 642 620
155 700 948
155 572 832
155 993 947
157 357 561
158 821 396
158 242 771
158 907 565
158 566 796
158 771 454
158 344 626
158 981 407
159 188 360
159 556 736
160 738 800
160 342 465
160 578 725
160 932 51
160 267 448
161 803 723
161 936 290
161 603 146
161 890 388
161 740 67
162 266 100
163 176 406
163 756 328
163 220 776
163 181 845
163 746 501
163 328 214
163 274 529
164 316 554
164 231 857
165 880 557
166 225 901
166 189 712
166 591 126
166 594 281
167 522 478
167 774 293
167 763 660
167 852 790
168 877 787
168 857 615
168 518 134
168 672 626
169 674 531
169 396 971
170 218 346
170 981 59
170 803 980
170 963 362
170 277 718
170 298 634
170 374 696
171 374 38
171 275 89
172 461 789
172 835 329
172 266 765
172 581 151
173 474 771
173 854 390
173 550 486
173 710 775
173 866 807
174 467 399
174 721 165
174 309 76
174 350 606
174 358 111
175 467 838
175 915 12
175 995 645
176 590 449
176 471 773
177 578 296
177 619 464
177 249 90
177 287 880
178 615 61
178 877 965
179 207 375
179 669 25
179 691 684
179 1000 515
179 717 948
179 305 199
179 407 717
179 876 501
180 822 815
180 802 776
180 859 393
180 737 142
181 336 873
181 941 290
181 999 334
181 421 456
181 730 302
182 646 818
182 532 208
182 523 278
183 961 119
183 225 693
183 526 61
183 336 123
183 861 668
183 255 491
183 641 141
184 494 546
184 241 791
184 717 341
184 480 558
184 575 142
184 264 283
185 953 883
185 435 971
186 684 442
186 972 699
186 449 865
186 572 821
187 730 609
187 954 367
187 711 356
188 840 486
188 536 815
188 599 900
188 612 654
189 634 779
189 498 199
189 301 136
189 712 488
190 944 163
190 900 421
190 301 692
192 998 815
192 834 372
193 858 482
193 649 943
193 929 258
193 363 62
194 978 798
194 963 773
194 656 259
194 448 107
194 287 542
194 625 415
195 769 133
195 845 981
195 550 459
195 478 595
196 346 863
197 490 698
197 760 971
197 366 372
197 619 647
198 389 229
198 948 496
198 929 494
199 838 370
199 852 633
199 919 480
200 748 965
200 857 667
201 942 637
201 616 549
202 937 439
202 406 739
203 365 815
204 446 608
204 345 315
204 497 460
205 243 568
205 798 38
205 596 381
205 469 821
205 780 347
206 284 568
206 344 911
206 428 464
206 530 616
207 386 257
207 923 429
207 338 549
207 860 462
207 952 92
208 895 417
209 319 138
209 372 886
210 748 846
210 946 335
210 869 865
211 271 573
211 850 88
211 587 875
212 622 500
212 935 905
213 873 708
213 818 745
213 551 644
214 397 883
214 736 805
214 831 580
214 936 849
214 520 449
215 993 862
216 672 102
216 605 816
216 280 858
216 798 405
217 583 917
217 864 628
217 886 339
217 535 69
217 465 173
217 832 126
218 928 852
218 343 997
218 862 319
218 778 149
218 846 4
218 555 388
218 683 890
218 308 416
219 581 876
220 316 218
220 885 910
220 249 252
222 865 757
223 870 934
223 451 305
223 824 480
223 563 719
224 527 493
224 359 612
224 710 989
224 524 446
224 531 558
224 616 236
225 244 134
226 298 164
226 618 669
226 557 964
227 475 507
227 430 497
228 579 608
228 836 672
229 330 245
229 834 399
229 268 565
230 315 258
230 654 754
230 854 162
230 281 289
231 501 112
231 607 985
231 950 757
232 620 555
233 571 219
233 992 309
234 630 193
234 879 446
234 951 107
234 342 404
234 463 14
236 498 930
236 758 592
236 777 91
236 573 751
237 450 320
237 956 801
238 475 21
238 995 578
238 955 959
238 368 330
238 470 874
239 701 396
239 355 823
239 580 601
239 279 185
240 495 530
241 498 976
241 579 93
241 508 377
241 777 19
243 493 452
243 442 626
243 406 105
243 965 456
244 609 725
244 585 420
244 474 281
244 553 829
244 708 854
245 654 10
245 340 763
245 758 360
245 295 812
245 290 622
246 797 796
246 306 707
246 311 769
246 802 344
246 740 806
246 844 112
247 406 84
248 627 723
248 951 311
248 837 164
248 728 462
248 666 976
248 987 39
248 871 409
249 417 714
249 319 428
250 332 501
250 615 98
251 438 680
252 563 66
252 576 384
252 922 113
254 684 728
254 861 397
255 828 692
256 310 332
258 318 783
258 825 453
259 865 508
259 926 356
259 724 608
259 351 373
260 494 149
260 848 313
260 350 735
261 642 762
262 387 566
262 797 343
262 871 435
262 783 820
262 406 761
262 437 29
262 482 30
263 662 831
263 787 854
263 989 431
264 435 324
264 620 342
264 520 733
264 874 201
265 366 329
266 823 788
266 597 379
267 885 385
267 470 355
268 448 27
268 874 69
268 709 649
268 936 851
269 487 660
269 765 727
269 415 539
269 523 662
270 567 830
270 512 809
270 933 814
271 828 444
271 919 448
271 892 668
271 794 124
271 788 389
271 468 428
271 743 105
272 740 27
272 755 311
272 950 966
273 343 560
273 539 100
273 289 380
274 649 792
274 488 717
274 856 808
275 358 816
275 634 591
275 622 976
276 882 635
277 620 963
278 634 395
279 506 543
279 622 972
279 498 803
279 998 467
279 319 460
279 780 596
280 321 272
280 329 756
281 791 144
281 707 582
281 479 898
282 559 597
282 352 384
283 426 865
284 959 282
284 329 852
284 390 283
285 985 827
285 451 725
286 828 640
286 843 17
286 711 14
286 928 856
287 947 826
287 472 157
288 409 907
288 682 953
289 864 403
290 715 821
290 523 433
290 459 889
290 874 879
291 715 370
291 572 196
291 846 26
292 991 82
292 861 727
293 557 920
294 652 209
295 306 205
295 610 645
296 588 532
296 443 140
297 512 481
297 861 691
297 514 921
298 333 306
298 365 489
299 591 749
299 528 752
299 610 323
299 807 213
300 379 640
300 936 863
300 994 932
300 957 574
301 441 856
301 922 623
301 742 653
301 959 661
302 705 600
302 943 975
302 783 240
303 355 429
303 595 413
303 439 492
303 992 53
303 717 442
303 463 748
303 977 681
305 700 443
305 415 865
306 560 736
306 912 3
306 886 486
308 803 234
308 755 373
308 686 241
309 826 849
309 588 293
310 581 895
311 775 479
311 883 268
312 748 662
312 346 628
312 464 757
312 463 512
313 974 216
313 502 850
313 413 123
315 449 640
315 729 202
316 868 109
316 352 348
316 372 502
317 504 607
317 444 954
318 616 91
319 335 116
320 637 266
321 981 888
321 425 41
321 444 185
322 757 853
322 403 22
322 876 116
322 406 506
322 526 741
322 833 678
323 996 770
323 759 277
324 590 671
324 785 0
324 800 795
325 655 39
325 785 334
326 844 370
327 720 285
329 551 77
329 774 76
330 915 659
330 978 115
331 495 73
331 631 536
331 568 491
331 661 959
332 414 175
333 774 20
333 642 740
333 732 667
333 879 927
334 627 689
334 465 490
335 897 982
335 337 142
337 625 606
338 456 299
338 880 364
338 721 884
339 397 140
339 804 924
339 818 508
340 628 545
340 894 404
341 944 888
341 482 897
341 962 649
341 840 882
341 407 61
342 387 822
342 493 753
342 606 624
343 520 720
344 799 445
345 957 827
346 542 636
347 900 249
348 684 173
348 755 532
348 412 375
348 776 553
348 895 186
349 521 514
350 702 101
351 626 64
351 661 582
352 922 168
353 947 507
353 721 665
353 556 194
354 964 763
354 618 340
355 422 424
355 379 508
355 744 472
356 940 118
356 739 494
356 560 281
357 978 570
357 531 381
357 872 508
357 478 711
357 439 175
357 740 455
357 512 675
358 931 601
358 767 404
358 949 345
358 729 466
360 771 320
360 581 409
361 887 536
361 376 620
361 972 277
361 735 94
363 761 135
363 598 535
365 477 731
365 826 595
365 686 557
367 747 694
367 460 611
367 377 836
367 702 399
369 901 561
369 402 316
369 541 377
369 763 939
370 978 588
370 930 453
370 781 621
371 942 858
371 879 445
371 722 551
371 398 310
372 770 684
372 700 172
372 432 808
373 600 35
373 877 576
373 418 713
374 867 188
374 883 352
374 977 717
374 413 29
375 625 150
375 945 184
375 560 324
375 530 606
377 610 800
377 960 635
377 805 611
378 836 473
378 439 945
379 402 110
379 837 406
379 799 675
379 605 752
381 588 572
381 398 330
383 771 406
383 792 231
383 612 268
384 911 704
385 720 992
385 933 355
386 516 541
386 977 821
386 575 190
386 981 4
386 503 192
387 469 924
387 638 21
387 910 433
387 979 169
389 707 546
389 500 900
389 961 688
390 831 444
390 807 103
391 867 2
391 521 774
391 486 373
391 724 367
393 478 875
393 537 163
393 794 917
394 814 777
394 798 73
394 772 946
394 496 451
395 902 709
395 925 173
395 903 964
396 693 127
396 859 842
397 642 10
397 731 108
397 497 746
398 882 295
398 622 361
398 575 518
399 942 855
399 401 317
399 880 367
399 599 147
400 546 756
401 702 908
401 915 560
402 650 300
402 579 905
402 837 379
402 466 603
403 759 766
403 861 232
403 697 913
404 672 885
406 677 856
406 747 356
406 547 119
407 671 40
407 988 388
407 865 604
408 435 22
409 718 153
409 675 298
410 697 838
411 976 288
411 563 331
411 416 893
412 667 735
412 454 463
412 945 793
412 642 181
413 489 405
413 892 654
413 601 412
413 810 190
413 605 225
413 951 388
414 715 237
414 549 494
415 680 800
415 786 208
415 648 154
415 925 306
415 533 499
416 642 405
416 713 771
417 921 766
417 755 529
418 959 353
418 711 31
419 958 947
419 669 553
419 579 266
420 761 133
420 726 363
421 439 72
421 646 402
422 531 777
422 493 864
422 743 0
423 978 932
423 842 962
424 925 959
425 886 604
425 474 686
425 898 263
425 542 322
425 619 86
426 628 40
426 926 677
426 748 26
426 478 226
426 726 169
429 913 977
431 689 720
431 559 185
431 508 64
431 521 809
431 517 412
432 450 766
432 777 999
433 494 323
434 870 740
434 903 5
434 453 385
435 754 779
436 803 8
436 462 567
437 902 592
437 881 226
437 713 573
437 951 584
437 854 766
438 671 851
439 505 928
439 759 97
440 698 316
440 968 822
441 682 445
441 827 730
442 622 714
442 857 884
442 528 457
442 994 729
443 830 329
443 580 352
444 912 969
445 856 822
445 712 674
445 519 523
448 465 237
449 968 362
449 612 168
450 533 772
450 662 711
450 565 897
451 458 78
451 510 680
451 926 204
452 845 395
452 981 897
452 930 1
453 988 955
453 682 393
454 488 91
454 864 235
454 503 764
454 604 722
454 613 889
455 643 127
455 685 368
456 496 615
456 650 23
457 822 120
457 850 783
457 556 619
458 843 485
458 494 326
458 589 467
460 631 473
460 935 92
460 690 566
460 924 761
461 832 988
461 499 875
461 965 9
461 972 972
462 654 475
462 905 239
464 492 756
464 890 670
464 645 281
465 560 711
465 634 528
465 569 524
466 491 806
467 679 499
468 899 119
468 856 934
470 901 322
470 828 550
470 808 845
470 994 972
470 947 209
471 976 173
471 671 951
472 759 166
472 625 758
472 575 77
472 547 119
473 947 822
473 754 857
473 785 186
474 845 816
477 982 723
477 944 493
478 594 455
479 972 867
479 794 342
479 791 45
479 584 683
481 786 478
481 766 397
481 502 975
481 993 191
481 800 857
482 875 865
482 664 700
482 933 238
483 600 954
483 978 498
483 901 836
483 725 198
484 973 288
484 743 526
485 613 80
485 508 868
485 807 927
485 932 210
486 865 564
486 583 1
487 689 1
487 968 534
487 949 184
487 600 304
487 843 734
487 552 385
487 655 877
488 671 727
488 875 561
488 690 129
488 827 761
490 666 296
491 672 849
491 643 846
491 840 701
491 556 976
492 617 371
492 917 639
492 507 693
492 629 959
493 587 888
493 807 695
493 759 19
493 681 555
493 932 411
494 932 809
494 611 897
494 656 650
495 538 91
496 821 952
496 994 741
496 906 585
497 705 986
498 946 267
498 923 213
500 889 728
500 616 926
500 571 490
501 993 336
501 682 564
501 894 648
502 991 311
502 598 374
502 643 449
503 969 804
504 781 572
504 573 880
505 781 388
505 752 573
506 671 843
507 660 732
507 912 795
507 704 931
508 631 552
508 844 210
508 808 8
508 772 903
508 813 52
509 539 994
510 919 607
510 819 407
511 955 150
511 826 236
513 690 725
514 967 138
515 858 336
515 734 688
515 895 544
515 779 191
516 517 739
517 659 82
517 790 219
518 951 996
518 717 916
519 772 53
520 958 898
520 594 128
520 854 741
522 539 162
522 599 967
522 771 610
522 815 791
522 836 96
522 567 748
523 715 348
523 817 195
524 581 900
524 933 368
525 674 268
525 983 779
525 858 988
526 608 87
526 816 363
526 710 618
526 906 311
527 902 340
527 809 547
527 783 658
528 916 386
529 756 400
529 739 823
530 586 454
531 602 397
531 902 938
531 875 795
532 905 680
533 622 224
534 665 635
534 792 585
535 980 621
535 676 400
536 710 601
536 718 211
536 978 753
536 604 975
536 591 752
536 595 262
536 775 111
537 975 734
537 696 502
538 883 18
540 870 7
541 947 116
541 757 216
541 965 636
541 727 220
541 853 177
541 548 948
542 973 33
543 628 516
543 636 196
544 720 668
545 933 140
545 782 766
545 851 909
546 970 683
546 892 354
547 881 261
548 806 607
549 622 887
549 695 658
550 747 473
552 626 419
552 828 389
553 955 651
554 913 400
554 771 340
554 703 799
555 667 834
555 634 762
555 695 367
556 623 463
557 575 578
557 683 900
558 669 97
558 806 400
559 850 166
559 996 789
559 889 196
559 870 715
560 781 593
560 764 185
561 669 232
561 930 614
562 734 900
562 637 237
563 879 161
563 749 146
565 884 963
567 869 435
568 714 41
568 774 91
570 761 311
570 858 300
571 709 119
571 759 549
572 882 166
572 616 200
572 722 131
573 596 540
573 680 494
575 764 296
576 674 95
576 965 557
577 707 785
578 691 932
578 891 938
581 706 184
581 688 723
582 620 594
582 655 719
582 710 242
584 964 360
584 629 414
585 811 798
586 808 904
586 995 169
587 871 547
587 597 920
588 726 553
589 798 995
589 606 402
589 988 304
590 891 871
590 853 791
591 804 0
591 686 395
591 908 140
592 898 257
593 838 34
593 963 522
593 733 290
593 677 619
594 689 726
594 662 440
596 1000 787
596 936 304
596 665 807
596 618 80
597 781 652
598 942 474
599 678 820
599 898 262
601 798 855
601 869 271
601 609 432
601 922 812
604 848 50
604 886 389
605 635 417
606 916 212
606 928 554
608 929 586
608 963 244
609 744 555
611 630 734
612 681 848
612 895 888
613 641 858
613 858 54
614 617 986
615 666 857
615 869 337
617 770 58
617 664 938
618 641 281
619 860 139
619 832 941
620 908 570
621 989 819
621 973 996
621 874 786
621 681 19
623 660 159
623 794 310
625 742 136
625 659 807
625 917 110
625 658 982
625 952 285
626 741 900
627 667 118
627 896 380
627 653 527
629 773 358
630 713 779
630 711 307
630 966 319
631 906 502
633 846 519
634 909 159
634 940 43
634 644 483
635 895 164
636 653 412
636 849 804
636 790 207
637 992 120
637 692 571
638 676 395
638 794 437
639 700 337
639 849 671
639 846 618
639 830 631
640 643 462
640 650 193
640 689 716
641 964 877
644 871 972
646 936 520
647 928 327
647 832 460
647 960 273
647 899 844
648 751 694
649 900 208
650 722 816
650 983 234
651 763 39
651 899 556
652 747 769
652 707 591
653 983 608
653 875 683
653 695 650
657 970 715
657 797 162
657 950 692
658 661 707
659 938 95
660 665 763
662 831 358
664 970 438
666 939 256
666 976 82
667 821 233
669 798 407
670 960 733
671 993 508
671 861 574
672 873 849
673 727 59
674 954 315
677 937 35
677 903 371
677 772 299
678 935 664
679 790 215
680 736 729
681 862 986
681 963 378
681 879 221
682 760 418
682 892 721
682 896 732
683 968 409
685 822 120
685 885 20
685 802 837
688 935 823
689 992 656
689 705 667
690 786 625
691 972 242
691 897 726
694 805 368
695 853 596
696 957 530
696 754 893
697 725 398
698 847 71
698 707 530
698 903 867
698 709 845
699 972 748
699 703 918
700 769 36
700 805 440
701 982 255
702 918 992
703 792 606
704 980 675
704 766 862
705 707 24
705 733 798
706 772 352
706 908 998
707 919 284
708 814 971
709 910 819
709 769 424
710 884 926
712 914 743
712 770 233
713 759 443
714 880 250
715 877 374
716 752 447
717 857 444
719 972 465
721 772 610
724 961 522
726 820 937
726 962 669
726 845 413
727 805 934
727 927 659
727 728 335
728 785 916
728 976 927
729 893 945
730 898 196
730 971 746
730 965 167
732 856 427
732 828 18
733 823 631
733 780 118
734 753 695
734 979 382
735 762 814
735 854 870
735 904 911
738 798 197
738 946 244
740 945 607
742 947 962
743 937 516
744 901 448
746 841 72
746 876 977
748 964 78
748 770 638
750 918 749
751 993 700
752 962 821
753 762 377
753 784 183
755 758 901
755 873 40
756 888 292
756 880 863
756 938 591
758 824 120
760 828 836
761 865 82
763 849 815
763 996 289
763 921 392
764 774 886
764 768 923
766 948 737
766 882 37
769 915 879
770 826 465
770 808 165
771 858 658
771 802 284
772 848 167
775 904 929
778 843 977
778 974 282
778 875 864
781 902 455
781 867 1
784 803 919
786 841 9
787 791 917
787 939 297
791 945 199
792 896 605
793 973 712
793 955 376
794 886 293
795 992 19
806 959 712
807 883 203
807 970 531
810 890 57
811 962 348
812 966 938
814 897 677
816 822 356
819 989 125
821 916 328
822 900 739
822 857 570
828 996 515
829 837 974
829 992 55
831 974 239
832 899 802
833 860 850
834 973 618
837 849 294
840 962 316
841 914 999
841 984 886
844 943 182
844 986 879
847 965 770
849 949 227
849 981 614
849 902 481
850 981 228
851 937 419
852 868 819
857 868 774
859 943 939
861 918 518
861 934 299
863 887 969
864 984 97
864 969 367
867 942 44
871 910 67
875 921 540
877 898 386
879 994 685
883 989 330
884 972 85
887 889 423
892 990 793
893 906 915
901 913 787
904 956 43
905 984 812
908 920 748
908 928 841
912 938 700
912 918 200
915 977 3
919 947 722
921 942 297
925 945 422
925 953 320
928 999 982
929 940 756
934 962 732
940 957 859
941 968 762
942 994 811
948 971 254
960 990 44
969 986 114
969 990 863
970 984 583
