20
150
1 8 330
1 16 20
1 17 176
1 18 210
1 10 726
1 5 967
1 7 150
1 20 558
1 11 426
1 13 71
1 19 495
1 6 1
1 4 909
1 9 908
2 6 963
2 14 911
2 10 8
2 19 753
2 5 235
2 13 542
2 7 312
2 20 747
2 3 149
2 15 685
2 16 422
2 18 398
2 8 419
2 12 978
2 4 238
3 16 678
3 4 510
3 20 582
3 10 337
3 9 713
3 7 651
3 12 836
3 14 708
3 11 495
3 5 160
3 6 103
3 8 902
3 18 331
4 10 173
4 19 704
4 5 556
4 17 167
4 7 244
4 8 758
4 6 639
4 20 953
4 15 553
4 14 543
4 13 57
4 11 620
4 18 363
4 9 770
5 12 841
5 10 435
5 11 897
5 7 941
5 17 695
5 13 435
5 14 275
5 6 64
5 20 767
6 9 723
6 11 672
6 7 12
6 20 508
6 17 610
6 19 744
6 14 113
6 16 173
6 13 314
6 10 168
6 15 657
6 18 377
6 12 282
7 19 916
7 16 852
7 13 166
7 9 216
7 11 384
7 17 202
7 15 242
7 20 193
7 8 21
7 12 891
7 10 728
8 18 630
8 9 660
8 16 705
8 11 662
8 13 678
8 19 683
8 15 893
9 13 196
9 11 899
9 10 417
9 20 80
9 18 768
9 12 990
9 15 641
9 16 240
9 14 741
10 20 96
10 18 612
10 19 72
10 17 863
10 16 5
10 11 274
10 14 422
10 13 705
11 18 790
11 12 404
11 19 756
11 13 84
11 17 683
11 16 251
11 15 151
11 14 647
12 17 934
12 19 380
12 14 978
12 15 919
12 18 68
13 19 926
13 20 983
13 16 830
13 15 328
13 14 780
13 17 669
14 18 808
14 16 883
14 17 130
14 20 604
14 15 313
15 17 453
15 19 379
15 20 10
16 17 202
16 18 825
16 20 775
16 19 377
17 20 352
17 18 466
17 19 438
18 19 851
18 20 973
19 20 873
