500
1225
1 77 844
1 412 427
1 417 330
1 71 573
1 235 104
1 306 855
1 159 348
2 71 263
2 400 831
2 469 705
2 352 233
2 63 38
2 285 800
3 336 374
3 357 426
4 298 610
4 448 157
4 312 235
4 153 823
4 493 384
5 444 913
5 434 270
6 35 528
6 344 744
6 85 656
6 113 42
7 364 899
7 80 964
7 299 552
7 407 214
7 305 180
7 235 912
7 93 610
7 375 880
7 247 461
8 151 241
8 80 119
8 31 655
8 256 99
9 90 71
9 362 872
9 174 55
9 285 965
9 324 338
10 244 4
10 382 399
11 320 885
11 42 199
11 461 406
11 415 919
11 454 562
11 107 456
11 449 285
12 85 201
12 96 670
12 467 650
12 214 921
12 437 717
12 475 277
12 315 380
12 462 984
13 96 508
13 164 271
13 472 354
13 312 844
13 449 203
13 392 373
14 57 548
14 15 475
14 173 609
15 89 204
15 31 880
15 147 395
15 84 905
16 279 429
16 97 467
16 244 139
16 396 777
16 260 507
17 256 182
17 273 131
17 356 765
18 91 374
18 151 686
18 29 988
19 494 460
19 352 356
19 28 25
19 235 104
19 205 64
20 384 530
20 385 676
20 140 881
20 432 740
20 21 454
20 208 456
20 492 342
20 368 412
21 242 634
21 217 648
21 348 672
21 53 569
21 175 466
22 80 701
22 194 940
22 121 579
22 175 576
23 253 28
23 424 335
23 491 918
23 269 875
23 203 78
24 315 634
24 154 326
24 185 419
24 484 182
24 158 862
24 250 392
25 36 982
25 492 457
25 261 925
25 225 433
25 86 457
25 441 427
25 266 54
26 343 900
26 36 163
26 279 898
26 121 916
26 55 865
26 125 246
26 370 739
27 497 782
27 319 617
27 131 535
27 449 859
27 331 139
27 117 979
27 422 400
27 372 52
27 348 8
28 486 539
28 188 124
28 473 157
28 283 185
29 449 398
30 461 858
30 111 59
30 235 768
30 314 868
30 59 474
30 151 553
31 442 924
31 119 963
31 76 164
31 134 379
31 419 105
32 331 100
32 228 662
32 165 482
32 113 896
32 259 352
32 312 528
32 283 613
33 341 567
33 350 915
33 184 106
33 167 206
34 327 123
34 44 117
34 275 765
34 482 710
35 269 840
35 358 878
35 451 2
35 137 648
35 452 332
36 116 376
36 348 920
36 221 856
36 326 484
37 192 106
37 148 866
37 63 552
37 245 222
37 110 766
38 255 15
38 238 386
38 469 582
38 496 902
39 288 437
39 397 707
39 451 84
39 242 189
40 350 101
40 421 892
40 294 413
41 198 389
41 116 695
41 269 599
42 263 836
42 285 238
42 122 280
42 54 230
43 325 350
43 93 301
43 442 558
44 353 430
44 237 645
44 345 496
44 143 847
44 277 150
44 49 537
44 344 319
45 182 255
45 74 188
45 110 718
45 291 278
46 283 29
46 449 217
47 372 195
47 331 863
48 395 945
48 424 620
48 485 64
48 402 877
48 72 429
48 314 935
48 244 620
48 243 685
48 225 233
48 80 483
49 343 962
49 404 144
49 230 301
49 415 434
50 402 561
50 219 356
50 428 314
50 472 351
50 192 217
51 197 677
51 113 923
52 209 801
52 413 885
52 192 872
52 182 838
53 232 915
53 374 857
53 480 427
53 313 85
53 400 32
54 126 167
54 487 699
55 326 467
55 344 522
56 481 692
56 364 52
56 313 242
56 441 438
56 173 592
57 272 349
57 205 963
57 296 550
57 439 244
57 292 357
57 385 944
58 221 636
58 385 18
58 491 843
58 472 348
58 200 264
58 235 429
59 134 254
59 471 163
59 210 486
59 228 640
59 287 546
59 217 10
59 441 671
60 66 255
60 141 169
61 498 274
61 272 771
61 63 384
62 157 341
63 76 565
63 79 247
63 69 718
63 179 909
64 367 334
64 195 114
64 106 917
64 323 184
64 268 457
64 155 524
64 136 743
65 290 80
65 376 179
65 315 473
65 340 824
65 66 128
65 306 668
66 241 87
66 161 914
66 202 283
66 74 948
67 300 367
67 305 8
67 450 700
67 172 880
67 431 557
67 156 789
67 364 552
67 482 736
67 100 803
68 346 486
68 371 615
68 340 50
69 462 699
69 459 117
69 299 856
69 328 92
69 421 168
70 245 151
71 111 576
71 458 531
72 304 663
72 443 612
72 417 569
72 109 251
72 308 232
73 388 904
73 391 620
73 303 925
73 456 684
73 438 388
73 159 177
74 487 119
74 439 917
74 192 418
75 293 780
75 484 291
75 77 623
75 386 709
75 179 104
76 93 652
76 329 531
76 154 649
76 413 186
76 491 904
76 137 99
76 310 896
76 342 788
77 480 892
77 473 128
77 312 901
77 93 756
78 444 499
78 383 493
78 379 514
78 389 675
79 89 458
79 120 200
79 182 984
79 347 134
79 428 969
80 441 911
80 399 494
81 311 603
81 192 159
81 264 734
82 483 55
82 461 971
82 92 938
82 430 529
82 260 394
82 384 200
83 96 200
83 231 234
83 182 159
83 129 69
83 451 252
84 281 446
84 427 501
84 97 330
84 373 627
85 168 243
85 387 173
85 448 966
85 376 705
85 110 452
85 231 277
86 371 962
86 320 618
86 213 242
86 427 627
87 244 46
87 274 6
88 360 150
88 304 185
88 297 480
88 391 757
88 144 940
88 352 247
88 442 858
88 277 673
89 408 884
89 106 803
89 163 192
89 402 796
89 269 995
89 449 602
90 453 448
90 185 823
90 259 427
90 495 621
90 481 269
90 376 883
91 450 263
92 236 190
92 477 544
92 285 674
92 345 45
92 301 573
93 218 522
94 134 698
94 116 509
94 382 974
94 281 217
94 273 270
95 374 238
95 130 712
96 146 983
96 266 737
96 207 163
96 420 430
97 125 846
97 375 619
97 221 151
98 231 659
98 498 6
99 451 598
99 102 15
99 406 174
100 305 850
100 171 382
100 400 262
100 189 698
100 153 781
100 300 947
101 332 261
101 144 647
101 161 969
101 205 981
102 299 836
103 351 973
103 210 18
103 314 189
103 339 627
103 200 274
103 499 626
103 390 774
103 117 510
103 110 477
104 394 126
104 438 615
104 371 262
104 202 688
105 428 596
105 313 903
105 145 452
105 191 624
106 245 921
106 379 548
107 198 384
107 240 246
107 267 751
107 253 583
108 465 388
108 338 710
108 459 264
109 325 860
109 258 367
109 189 30
110 435 690
110 372 94
111 440 726
111 413 724
111 248 569
111 453 216
111 214 66
112 353 280
112 441 456
112 224 41
112 371 915
112 258 752
113 293 203
113 472 229
114 387 482
114 176 5
114 412 695
114 320 118
114 407 162
115 182 912
115 184 54
115 439 604
115 466 873
116 211 538
116 205 323
117 399 311
117 476 347
117 138 754
117 463 159
117 148 870
117 329 198
117 239 67
118 188 657
118 159 946
118 220 167
118 300 233
118 221 114
118 361 823
119 476 407
119 223 511
119 304 689
120 382 39
120 418 173
120 158 577
121 473 122
121 413 800
121 495 253
121 381 141
122 453 4
122 445 637
123 319 735
123 408 968
123 457 791
123 258 40
123 171 96
123 414 770
123 350 593
123 245 350
124 202 757
124 240 271
124 284 102
124 306 918
124 264 940
125 153 754
125 128 983
125 169 902
125 376 154
125 330 43
125 195 413
125 498 460
127 226 174
127 252 221
128 353 346
128 454 828
128 313 976
128 328 385
128 155 101
128 333 12
129 310 299
129 347 279
130 485 90
130 350 306
130 261 115
131 358 313
131 332 447
132 391 508
132 148 555
132 177 915
132 142 10
133 319 402
133 172 633
133 311 681
134 258 670
134 316 614
134 167 255
135 287 790
135 325 964
136 259 558
136 462 9
136 158 371
136 461 185
136 419 97
137 280 196
137 453 362
138 320 642
138 293 571
138 257 24
138 426 94
139 461 396
139 491 596
139 368 266
140 244 908
140 491 960
140 271 8
141 291 383
141 166 491
141 343 763
142 194 498
142 487 589
142 166 950
144 280 746
144 152 910
144 267 201
144 494 914
144 297 206
145 195 54
145 227 6
145 466 242
146 384 54
147 378 898
147 447 33
147 179 41
148 291 701
148 452 160
148 187 189
148 427 673
149 340 117
149 158 840
149 444 879
149 289 780
150 186 658
150 429 403
150 259 594
150 232 262
150 334 6
151 158 495
151 398 120
151 232 923
151 169 712
152 402 457
152 210 926
152 289 153
152 175 925
154 365 536
154 194 810
154 384 738
154 318 817
154 410 384
155 409 954
155 364 819
155 433 381
155 258 846
155 371 71
156 310 831
156 324 903
156 418 86
156 298 131
157 425 107
157 381 977
157 483 443
158 305 921
158 278 32
158 499 192
159 234 624
159 211 605
159 245 552
159 446 168
160 189 603
160 248 343
161 468 798
161 205 379
161 414 441
162 423 936
162 278 487
162 355 989
162 406 593
163 224 58
163 367 707
163 402 521
163 215 859
163 321 250
164 293 402
164 197 655
164 399 957
165 305 381
165 205 235
165 452 69
165 317 839
165 233 139
165 279 68
165 170 747
166 483 532
166 203 321
166 336 718
167 356 894
167 304 240
167 341 625
169 248 561
169 267 486
169 288 278
169 217 975
170 409 983
170 280 164
170 296 95
171 391 458
171 435 233
171 484 174
171 403 103
171 399 586
171 423 6
172 197 735
172 480 724
172 193 571
173 477 118
173 295 748
174 273 588
174 282 497
175 476 909
175 456 793
175 233 38
175 435 649
176 290 664
176 408 653
176 328 940
176 357 398
176 416 137
176 218 421
176 215 674
176 498 909
177 361 61
177 462 333
177 191 375
177 355 792
178 243 730
178 213 341
178 393 797
178 444 678
179 321 320
179 438 580
179 366 766
179 373 310
180 335 292
180 467 251
181 245 845
181 381 318
181 384 980
181 232 444
181 423 21
181 481 496
182 453 832
182 444 560
183 400 124
183 309 887
183 324 247
183 495 897
183 348 567
183 344 963
184 335 1
184 414 967
184 308 594
185 360 824
185 298 702
185 403 38
185 479 74
186 372 911
186 272 166
186 285 702
186 384 196
186 305 198
187 362 327
187 382 954
187 340 330
188 290 552
188 212 575
188 364 662
188 251 410
189 355 259
190 360 957
191 368 344
191 411 808
192 446 591
192 469 443
193 323 552
193 267 286
193 384 257
193 269 181
194 254 820
194 488 761
195 431 566
195 284 494
196 292 331
196 394 124
196 459 801
196 344 820
197 326 559
197 259 743
197 343 932
198 350 721
198 248 835
198 422 488
199 465 924
199 472 241
200 427 849
200 480 621
200 482 125
200 400 488
201 271 977
201 367 602
201 325 152
202 332 558
202 296 324
203 391 234
203 418 523
203 496 432
203 251 162
203 271 8
203 457 244
204 392 634
204 478 709
204 337 230
205 400 850
205 332 378
205 381 35
206 239 601
206 431 26
206 449 408
206 384 274
207 220 21
207 290 17
207 274 124
207 232 421
207 288 675
207 369 432
207 494 180
211 223 385
211 419 736
211 463 647
211 249 556
211 281 184
212 332 510
212 251 283
212 333 20
213 248 803
213 354 584
213 283 985
213 403 923
213 462 699
213 297 997
214 424 190
214 464 636
214 500 779
214 419 498
214 408 632
215 262 858
215 259 2
216 242 282
216 433 109
216 379 51
218 378 484
218 442 363
219 299 760
220 470 322
221 274 566
221 299 276
222 447 38
222 285 710
222 251 598
222 307 893
223 430 616
224 494 425
225 394 0
225 251 484
225 293 142
225 338 305
227 253 113
227 241 218
228 253 411
228 261 24
228 386 144
228 294 737
229 386 401
229 266 331
229 384 911
230 245 632
230 417 683
231 436 690
232 316 649
232 335 78
233 360 987
233 463 75
234 280 746
234 397 168
235 310 616
235 388 188
236 322 324
236 466 228
237 337 754
237 390 810
237 296 127
238 255 638
239 398 689
240 485 329
240 415 79
241 264 655
241 328 842
242 373 581
242 324 569
242 491 862
242 416 283
243 392 184
243 453 282
243 263 483
243 311 698
244 332 150
244 255 945
245 481 96
245 489 519
245 335 697
246 365 937
246 255 835
246 369 132
246 436 197
247 424 296
247 435 607
247 366 160
247 393 934
247 484 844
248 341 893
249 299 150
249 384 919
250 407 534
250 433 455
250 464 97
251 454 875
251 393 662
251 408 826
252 485 709
252 356 316
252 373 765
253 410 651
253 394 252
253 389 961
254 260 140
255 289 391
255 470 11
255 299 262
256 362 190
256 442 209
256 288 347
256 383 446
257 449 675
257 428 417
258 479 692
258 264 605
258 338 179
258 359 118
259 463 2
259 265 594
259 419 203
260 267 103
260 363 479
260 409 570
260 425 856
260 476 337
261 283 266
261 315 936
261 378 815
261 461 775
262 450 838
262 359 70
262 371 886
263 370 929
264 316 217
265 290 215
265 343 822
266 405 766
266 412 741
267 491 666
268 451 903
269 436 680
269 482 603
269 433 347
270 356 415
270 368 827
271 454 27
271 487 607
271 326 893
271 373 115
271 434 245
271 471 583
272 336 217
272 299 439
272 487 979
272 455 191
273 420 949
273 449 970
273 323 985
273 284 368
274 387 258
275 416 871
276 288 687
277 286 143
277 423 607
278 287 906
278 283 366
280 455 486
283 452 199
284 481 844
284 392 745
285 380 813
285 464 157
286 451 6
286 404 595
286 439 179
286 351 142
287 434 923
288 374 401
288 307 60
289 424 850
289 396 640
289 331 632
289 352 633
290 373 766
291 394 39
292 492 650
292 404 258
293 460 741
293 398 229
294 499 637
295 459 588
295 436 767
296 375 670
296 355 707
296 461 646
297 377 497
297 428 555
297 403 489
299 306 973
300 495 711
300 336 520
301 395 721
302 397 975
302 398 306
302 406 810
303 478 325
303 497 149
303 376 546
303 432 725
304 467 618
304 365 158
306 323 88
307 382 615
307 310 62
307 391 721
308 358 371
309 460 818
309 377 146
310 457 656
310 348 385
311 457 740
312 322 56
312 397 889
313 401 991
313 453 622
314 487 300
315 459 898
317 433 160
318 459 22
319 440 804
320 447 490
320 375 639
320 420 290
320 343 959
322 406 658
322 423 465
323 473 579
323 435 961
323 442 723
323 417 100
325 468 682
326 340 43
326 407 320
326 404 63
326 454 963
327 446 770
329 476 826
329 431 614
331 380 804
331 428 958
332 485 86
334 445 191
334 381 910
337 340 297
337 427 821
338 381 642
339 379 281
340 368 724
340 448 253
341 342 178
341 440 693
342 492 679
342 409 353
342 415 413
343 428 56
343 479 272
346 441 442
346 394 650
347 400 108
351 392 638
351 397 631
351 365 501
351 443 388
351 464 144
353 418 148
355 421 409
355 381 413
356 386 367
357 384 36
358 420 250
358 454 182
358 369 8
358 478 146
358 491 292
359 423 261
362 449 471
362 450 698
363 400 388
364 472 911
364 456 652
364 483 385
365 391 450
365 416 511
365 402 250
366 436 425
366 439 931
368 403 334
369 449 968
369 498 345
369 406 290
370 435 111
371 486 164
372 448 714
373 417 165
374 410 358
374 389 128
375 473 489
376 379 81
376 439 289
376 440 520
376 490 622
377 452 720
377 437 706
378 468 461
378 437 101
378 462 691
382 418 690
384 473 49
384 413 657
386 426 708
387 455 24
390 428 78
391 462 326
393 406 388
393 465 910
395 408 435
396 414 365
397 477 582
397 443 745
398 487 193
400 435 103
402 423 448
403 429 934
404 442 695
405 490 312
405 406 225
405 469 53
406 482 973
408 430 793
408 436 309
409 428 50
409 469 896
411 412 13
412 459 372
413 414 703
413 415 688
417 485 897
418 455 840
419 428 50
420 476 280
420 440 303
421 492 978
421 424 940
422 481 523
422 460 882
424 466 344
424 482 522
424 481 920
425 433 582
425 447 481
430 465 71
431 496 735
431 453 87
431 456 575
432 472 909
433 448 367
434 494 422
434 464 833
437 483 995
440 495 634
441 478 691
441 488 850
441 496 790
442 445 752
443 493 105
443 474 612
446 468 921
448 449 39
448 500 228
449 462 559
449 479 63
450 467 471
453 486 170
454 492 610
458 495 588
463 470 37
463 499 543
463 488 753
464 486 320
467 494 665
479 489 347
