100
3700
1 77 985
1 78 922
1 3 671
1 83 786
1 51 740
1 56 556
1 60 888
1 18 686
1 98 305
1 92 845
1 32 141
1 37 200
1 28 426
1 11 736
1 58 409
1 89 263
1 67 575
1 10 387
1 74 56
1 87 468
1 97 270
1 24 200
1 30 954
1 55 358
1 15 744
1 96 932
1 16 548
1 33 812
1 59 255
1 100 757
1 95 351
1 49 693
1 76 360
1 38 423
1 23 929
1 88 302
1 42 881
1 48 504
1 75 476
1 8 850
1 68 922
1 62 500
1 21 359
1 26 955
1 64 958
1 79 354
1 14 725
1 46 433
1 80 291
1 72 558
1 69 349
1 86 270
1 73 55
1 85 435
1 61 31
1 91 568
1 34 764
1 47 868
1 20 418
1 25 814
1 27 552
1 13 111
1 90 905
1 17 988
1 54 507
1 45 335
1 36 156
1 94 29
1 19 423
1 2 441
1 70 925
1 57 853
1 93 330
2 59 771
2 81 455
2 62 875
2 35 107
2 7 896
2 67 561
2 34 594
2 31 346
2 85 586
2 94 756
2 95 550
2 46 49
2 10 664
2 80 914
2 40 779
2 20 610
2 39 189
2 49 570
2 68 118
2 30 806
2 38 755
2 90 413
2 41 897
2 3 904
2 71 199
2 42 415
2 27 1000
2 60 370
2 22 278
2 5 8
2 53 377
2 56 798
2 89 447
2 36 81
2 24 436
2 63 124
2 51 122
2 64 271
2 15 345
2 19 751
2 6 398
2 86 869
2 12 510
2 28 969
2 66 359
2 57 902
2 11 19
2 43 133
2 82 963
2 45 39
2 18 520
2 8 969
2 26 273
2 72 796
2 69 792
2 75 929
2 78 574
2 54 581
2 33 675
2 21 978
2 32 462
2 92 348
2 99 786
2 58 293
2 48 309
2 77 20
2 93 690
2 13 22
2 88 458
2 73 501
2 17 251
2 74 204
3 70 294
3 46 822
3 92 467
3 13 40
3 100 77
3 94 831
3 7 551
3 15 431
3 79 0
3 75 48
3 5 182
3 88 649
3 87 706
3 77 177
3 16 603
3 49 464
3 96 39
3 34 984
3 78 500
3 52 10
3 47 459
3 74 950
3 24 862
3 9 347
3 67 238
3 42 823
3 30 964
3 93 601
3 10 125
3 48 159
3 6 599
3 65 935
3 76 479
3 84 755
3 38 551
3 91 963
3 54 222
3 60 935
3 50 495
3 83 438
3 68 386
3 66 621
3 82 21
3 31 46
3 58 677
3 63 899
3 99 871
3 11 306
3 21 697
3 90 397
3 18 310
3 89 429
3 12 436
3 71 547
3 37 391
3 69 148
3 51 645
3 86 592
3 73 671
3 85 208
3 44 71
3 59 238
3 43 143
3 8 599
3 20 245
3 14 523
3 45 612
3 95 833
3 35 441
3 36 90
3 22 304
4 60 174
4 21 28
4 20 228
4 55 427
4 87 779
4 89 550
4 6 953
4 30 290
4 16 630
4 27 676
4 65 24
4 97 757
4 18 589
4 63 579
4 47 390
4 70 872
4 71 256
4 99 691
4 48 198
4 43 64
4 86 182
4 23 151
4 31 617
4 58 149
4 34 231
4 5 344
4 22 795
4 62 684
4 26 215
4 96 223
4 9 56
4 51 938
4 42 248
4 59 348
4 90 996
4 24 263
4 28 553
4 92 749
4 94 442
4 61 229
4 52 208
4 67 308
4 11 398
4 93 626
4 83 775
4 13 161
4 35 977
4 46 539
4 49 35
4 37 94
4 50 142
4 38 1000
4 54 981
4 84 475
4 85 546
4 95 269
4 76 126
4 72 118
4 45 736
4 40 846
4 74 501
4 7 397
4 36 457
4 39 228
4 29 70
4 25 226
4 68 990
4 56 705
4 14 617
4 17 890
4 79 93
5 10 645
5 7 860
5 63 359
5 17 255
5 23 671
5 13 13
5 14 123
5 71 423
5 93 35
5 100 696
5 19 397
5 49 683
5 72 637
5 30 93
5 54 431
5 35 244
5 82 424
5 32 729
5 89 379
5 65 771
5 15 165
5 34 707
5 84 544
5 27 398
5 16 849
5 43 975
5 22 172
5 45 114
5 53 635
5 57 857
5 55 700
5 85 524
5 76 140
5 6 993
5 8 382
5 40 262
5 39 432
5 94 802
5 83 245
5 26 526
5 47 168
5 69 116
5 81 535
5 92 151
5 99 472
5 29 556
5 59 116
5 79 539
5 20 121
5 11 54
5 58 798
5 21 694
5 37 649
5 44 431
5 51 925
5 56 292
5 62 24
5 38 527
5 73 974
5 50 658
5 46 619
5 48 37
5 24 81
5 77 836
5 60 19
5 28 944
5 42 801
5 36 523
5 68 766
5 70 178
5 18 245
5 31 758
6 74 615
6 41 105
6 78 615
6 42 999
6 36 903
6 71 700
6 85 906
6 59 960
6 62 551
6 11 166
6 19 135
6 27 824
6 86 862
6 84 725
6 50 234
6 88 965
6 75 88
6 53 595
6 10 78
6 63 745
6 77 785
6 23 244
6 7 800
6 40 278
6 58 916
6 21 392
6 80 605
6 18 219
6 47 310
6 44 563
6 34 699
6 52 358
6 22 656
6 55 331
6 24 346
6 29 7
6 96 497
6 61 899
6 99 12
6 94 82
6 49 59
6 14 880
6 48 189
6 98 412
6 20 731
6 16 653
6 72 762
6 38 850
6 91 242
6 12 66
6 64 164
6 97 745
6 32 638
6 87 38
6 56 965
6 25 191
6 67 4
6 33 515
6 76 284
6 39 921
6 83 255
6 81 960
6 68 82
6 57 13
6 17 605
6 28 466
6 26 33
6 60 151
6 89 390
6 15 863
6 37 409
6 30 354
6 31 184
6 100 512
6 51 794
6 69 78
7 51 378
7 97 654
7 17 624
7 64 599
7 35 158
7 65 476
7 50 790
7 36 608
7 9 167
7 76 663
7 56 691
7 84 861
7 90 404
7 48 27
7 58 567
7 32 176
7 29 932
7 87 459
7 86 359
7 20 206
7 41 807
7 53 98
7 22 225
7 60 405
7 100 833
7 75 563
7 82 72
7 88 251
7 46 542
7 45 978
7 15 782
7 42 943
7 63 514
7 24 361
7 67 459
7 78 701
7 11 317
7 38 750
7 44 615
7 91 744
7 99 722
7 61 188
7 21 763
7 31 968
7 93 537
7 62 331
7 59 60
7 39 349
7 89 662
7 72 64
7 49 829
7 55 989
7 16 133
7 12 658
7 77 574
7 14 77
7 73 849
7 94 576
7 27 49
7 95 956
7 25 812
7 47 356
7 57 48
7 23 104
7 71 234
7 66 802
7 10 403
7 28 305
8 74 802
8 78 64
8 37 264
8 13 771
8 98 235
8 44 510
8 80 157
8 99 334
8 41 382
8 97 138
8 39 127
8 22 923
8 56 249
8 72 675
8 31 300
8 88 979
8 75 988
8 66 124
8 48 104
8 28 402
8 71 626
8 67 19
8 14 651
8 51 880
8 92 385
8 21 252
8 68 228
8 27 747
8 11 573
8 34 657
8 83 554
8 53 365
8 73 132
8 19 495
8 62 450
8 38 899
8 84 174
8 17 854
8 16 69
8 45 15
8 95 87
8 40 504
8 54 500
8 79 214
8 85 576
8 52 318
8 76 787
8 18 66
8 61 385
8 50 232
8 25 718
8 29 97
8 90 309
8 57 269
8 26 357
8 77 800
8 20 511
8 47 925
8 24 737
8 46 582
8 60 594
8 10 68
8 55 353
8 91 316
8 94 97
8 93 326
8 96 433
8 81 622
8 63 875
8 58 675
8 30 727
9 24 121
9 68 192
9 60 728
9 54 630
9 44 124
9 33 820
9 26 332
9 29 478
9 73 411
9 67 270
9 45 6
9 12 688
9 59 180
9 23 435
9 99 255
9 32 549
9 82 103
9 66 195
9 56 713
9 47 669
9 55 262
9 83 465
9 92 750
9 28 807
9 10 278
9 49 781
9 86 225
9 25 631
9 80 619
9 100 788
9 70 344
9 48 108
9 14 455
9 98 267
9 89 433
9 21 560
9 85 253
9 57 924
9 95 31
9 96 789
9 58 107
9 15 738
9 52 592
9 78 407
9 46 839
9 34 473
9 61 365
9 62 791
9 37 948
9 27 450
9 77 54
9 88 828
9 19 822
9 64 216
9 50 951
9 69 417
9 41 159
9 71 49
9 79 841
9 16 415
9 20 34
9 65 618
9 36 466
9 75 384
9 93 749
9 63 103
9 35 439
10 84 339
10 66 635
10 35 658
10 39 661
10 18 377
10 48 726
10 75 433
10 52 904
10 83 507
10 82 580
10 44 299
10 59 95
10 61 545
10 95 627
10 16 120
10 30 497
10 79 374
10 97 653
10 34 719
10 37 36
10 74 263
10 23 958
10 85 156
10 91 938
10 26 229
10 55 266
10 33 282
10 73 372
10 58 945
10 88 846
10 68 408
10 36 500
10 25 459
10 99 582
10 67 502
10 29 749
10 31 498
10 86 612
10 98 263
10 57 88
10 42 766
10 17 883
10 11 930
10 40 537
10 15 170
10 53 342
10 62 177
10 41 508
10 80 644
10 65 91
10 28 247
10 70 628
10 54 636
10 96 917
10 69 797
10 71 103
10 24 87
10 78 760
10 46 110
10 43 354
10 45 852
10 47 121
10 51 772
10 14 952
10 81 401
10 76 887
10 12 311
10 22 937
10 77 276
11 71 296
11 78 609
11 88 725
11 41 215
11 57 268
11 28 565
11 35 441
11 36 600
11 73 525
11 96 848
11 42 685
11 72 213
11 98 722
11 60 910
11 19 493
11 74 652
11 69 98
11 55 31
11 26 262
11 80 640
11 93 419
11 68 531
11 66 136
11 75 137
11 89 670
11 84 456
11 22 102
11 46 268
11 33 22
11 82 375
11 85 462
11 70 93
11 91 824
11 12 777
11 99 177
11 61 26
11 53 628
11 63 616
11 38 376
11 52 129
11 45 813
11 87 87
11 16 680
11 37 641
11 47 144
11 56 54
11 62 930
11 95 853
11 77 146
11 67 920
11 100 264
11 20 322
11 79 943
11 86 590
11 65 798
11 97 690
11 92 700
11 50 353
11 90 689
11 13 143
11 64 613
11 15 819
11 58 843
11 94 226
11 14 567
12 65 206
12 93 752
12 18 219
12 14 448
12 79 281
12 100 558
12 89 959
12 48 753
12 49 824
12 96 234
12 39 379
12 85 559
12 62 346
12 68 198
12 77 744
12 26 974
12 99 484
12 91 258
12 78 397
12 90 658
12 69 852
12 86 281
12 61 636
12 83 155
12 50 761
12 94 208
12 15 71
12 59 248
12 23 763
12 27 84
12 44 987
12 19 666
12 41 592
12 84 737
12 55 234
12 97 313
12 67 605
12 21 902
12 37 408
12 75 288
12 98 324
12 71 417
12 51 583
12 30 417
12 88 784
12 82 757
12 28 971
12 34 164
12 45 759
12 35 745
12 47 931
12 58 376
12 46 417
12 33 859
12 29 339
12 42 565
12 92 612
12 17 372
12 95 486
12 52 603
12 56 782
12 36 433
12 25 753
12 80 400
12 16 108
12 57 187
13 27 124
13 64 281
13 93 802
13 99 544
13 14 514
13 30 447
13 39 449
13 34 19
13 68 727
13 77 811
13 40 54
13 71 196
13 45 120
13 56 762
13 90 533
13 51 231
13 72 224
13 65 130
13 98 525
13 78 86
13 54 35
13 23 368
13 19 452
13 15 359
13 41 181
13 58 606
13 21 820
13 84 525
13 50 569
13 57 442
13 87 705
13 37 104
13 33 828
13 32 877
13 24 588
13 22 865
13 97 775
13 46 804
13 81 300
13 31 127
13 73 409
13 47 855
13 76 938
13 96 738
13 25 758
13 86 10
13 80 683
13 95 17
13 49 849
13 18 621
13 70 756
13 61 511
13 60 611
13 79 571
13 82 147
13 59 963
13 17 296
13 53 175
13 26 588
13 83 447
13 20 784
13 52 242
13 62 405
13 36 728
13 42 116
13 75 297
13 74 41
13 66 599
14 76 677
14 98 167
14 90 335
14 58 934
14 44 793
14 43 368
14 70 833
14 15 339
14 60 978
14 50 883
14 66 417
14 59 376
14 35 36
14 86 243
14 26 28
14 85 68
14 100 559
14 34 813
14 37 457
14 24 443
14 46 402
14 95 431
14 48 919
14 33 860
14 73 889
14 65 857
14 32 739
14 31 464
14 99 516
14 92 651
14 94 498
14 45 748
14 29 66
14 91 963
14 41 951
14 17 132
14 40 519
14 21 228
14 72 711
14 81 793
14 28 982
14 83 517
14 63 656
14 38 991
14 42 302
14 74 886
14 25 173
14 96 202
14 22 657
14 16 252
14 97 393
14 93 312
14 69 673
14 87 981
14 77 616
14 52 388
14 53 115
14 67 989
14 68 513
14 79 366
14 55 949
14 20 492
15 23 168
15 20 688
15 60 502
15 94 285
15 46 504
15 62 36
15 38 247
15 32 824
15 21 934
15 39 743
15 99 184
15 27 764
15 22 73
15 55 313
15 100 882
15 86 49
15 76 884
15 79 277
15 65 133
15 24 754
15 80 64
15 84 730
15 82 743
15 71 372
15 54 814
15 47 827
15 48 694
15 44 300
15 51 356
15 90 682
15 58 33
15 26 289
15 33 748
15 53 776
15 89 356
15 42 725
15 66 473
15 43 879
15 64 50
15 34 525
15 87 123
15 25 944
15 73 191
15 96 917
15 98 134
15 16 355
15 41 668
15 93 997
15 95 908
15 67 183
15 63 231
15 28 844
15 37 84
15 31 757
15 70 600
15 18 756
15 36 124
15 97 247
15 29 956
15 81 22
15 59 142
15 50 416
15 30 956
15 77 855
15 17 623
16 27 405
16 46 790
16 61 117
16 100 344
16 97 230
16 36 770
16 29 59
16 95 408
16 60 913
16 54 896
16 74 896
16 94 688
16 58 321
16 45 501
16 93 688
16 28 913
16 53 244
16 90 749
16 75 557
16 87 633
16 64 979
16 59 753
16 51 266
16 88 532
16 26 441
16 56 769
16 43 542
16 42 745
16 55 96
16 66 155
16 25 195
16 98 303
16 65 866
16 67 832
16 72 251
16 89 12
16 85 816
16 20 624
16 71 216
16 81 807
16 82 289
16 77 781
16 37 214
16 33 4
16 69 508
16 39 822
16 62 277
16 83 974
16 99 442
16 38 685
16 50 66
16 68 71
16 41 212
16 44 764
16 73 6
16 40 688
16 52 788
16 24 250
16 80 255
16 79 993
17 66 181
17 28 224
17 57 855
17 97 814
17 59 830
17 33 90
17 67 883
17 30 242
17 22 349
17 91 594
17 60 861
17 86 627
17 90 876
17 71 543
17 29 127
17 40 344
17 68 889
17 65 910
17 24 496
17 25 217
17 23 550
17 31 382
17 61 123
17 50 470
17 80 314
17 39 544
17 41 170
17 62 988
17 35 638
17 56 456
17 96 185
17 63 670
17 44 537
17 32 604
17 89 500
17 19 704
17 42 131
17 37 453
17 48 91
17 74 441
17 47 406
17 20 193
17 94 748
17 43 97
17 83 98
17 79 664
17 51 635
17 84 332
17 58 770
17 92 308
17 100 438
17 82 981
17 34 191
17 36 121
17 93 231
17 78 113
17 27 681
17 26 493
17 53 340
17 21 678
17 98 46
17 38 672
17 81 93
17 73 333
18 38 938
18 81 760
18 100 712
18 58 186
18 95 562
18 61 30
18 93 715
18 72 19
18 75 980
18 68 147
18 94 934
18 67 644
18 35 448
18 97 444
18 53 757
18 69 382
18 23 2
18 60 344
18 57 77
18 62 503
18 43 469
18 63 285
18 32 824
18 91 840
18 20 857
18 40 640
18 77 501
18 71 328
18 46 729
18 85 284
18 48 992
18 98 749
18 55 710
18 36 949
18 89 871
18 28 372
18 26 255
18 96 922
18 79 539
18 83 834
18 65 876
18 73 925
18 74 281
18 27 149
18 51 689
18 86 466
18 90 314
18 59 303
18 39 958
18 42 422
18 22 968
18 76 527
18 29 401
18 30 836
18 45 487
18 19 633
18 82 804
18 84 348
18 78 781
19 92 943
19 94 837
19 81 322
19 52 297
19 27 561
19 73 161
19 42 94
19 30 757
19 58 854
19 39 813
19 85 881
19 31 81
19 62 957
19 40 302
19 61 986
19 49 4
19 59 155
19 96 115
19 36 428
19 98 153
19 66 326
19 82 387
19 68 445
19 97 357
19 69 369
19 55 931
19 78 163
19 26 0
19 24 769
19 37 827
19 23 733
19 50 540
19 51 574
19 57 656
19 54 523
19 84 792
19 91 655
19 41 407
19 65 639
19 75 739
19 77 926
19 79 7
19 76 10
19 44 697
19 93 840
19 86 326
19 32 146
19 83 81
19 53 449
19 60 197
19 47 426
19 95 579
19 25 83
19 29 661
19 38 928
19 21 544
19 71 746
19 74 843
19 99 230
19 70 892
19 20 598
19 90 131
19 34 739
19 46 403
20 55 863
20 39 414
20 72 341
20 58 82
20 68 862
20 67 552
20 70 178
20 82 880
20 84 654
20 74 651
20 79 689
20 49 9
20 88 880
20 47 892
20 63 675
20 65 36
20 51 336
20 32 305
20 99 26
20 35 491
20 59 468
20 40 896
20 96 997
20 76 885
20 66 931
20 44 150
20 73 918
20 85 824
20 37 827
20 86 670
20 91 207
20 95 485
20 46 572
20 50 816
20 56 40
20 21 270
20 87 205
20 98 235
20 36 85
20 27 520
20 69 851
20 25 186
20 53 220
20 83 601
20 60 849
20 71 942
20 97 404
20 29 192
20 80 952
20 43 685
20 94 209
20 64 752
20 75 988
20 81 784
20 77 654
20 93 332
20 89 483
20 48 173
20 42 378
20 26 183
20 90 573
21 75 926
21 100 140
21 74 118
21 22 503
21 54 824
21 37 190
21 59 332
21 81 713
21 99 582
21 77 902
21 44 861
21 88 909
21 95 75
21 93 999
21 25 805
21 43 917
21 66 549
21 97 736
21 41 485
21 49 560
21 38 707
21 26 671
21 71 415
21 64 108
21 31 476
21 85 848
21 48 649
21 55 353
21 47 79
21 42 696
21 52 842
21 46 725
21 61 772
21 82 123
21 57 97
21 63 532
21 92 774
21 70 277
21 73 791
21 32 249
21 72 651
21 68 771
21 51 137
21 36 360
21 67 676
21 65 767
21 56 245
21 34 502
21 53 933
21 80 29
21 98 712
21 69 881
21 45 33
21 90 808
21 27 352
21 24 784
21 91 706
21 35 594
22 76 15
22 49 159
22 69 977
22 58 711
22 48 102
22 91 95
22 85 539
22 52 507
22 96 888
22 36 898
22 97 817
22 50 790
22 72 233
22 62 609
22 32 247
22 34 225
22 65 901
22 84 159
22 23 520
22 88 732
22 71 313
22 82 9
22 35 425
22 40 387
22 25 172
22 64 755
22 75 0
22 81 664
22 28 908
22 57 123
22 95 976
22 47 321
22 51 302
22 55 302
22 56 140
22 42 696
22 89 45
22 73 316
22 44 940
22 83 600
22 99 563
22 39 695
22 29 439
22 46 646
22 26 454
22 60 309
22 43 594
22 87 646
22 90 564
22 77 93
22 38 233
22 30 208
22 68 467
22 74 19
22 27 371
22 63 976
22 37 238
23 42 146
23 46 255
23 34 22
23 70 800
23 73 566
23 82 695
23 40 193
23 87 529
23 72 769
23 93 455
23 51 452
23 52 901
23 64 193
23 41 616
23 35 342
23 74 340
23 66 409
23 95 203
23 28 703
23 78 370
23 68 477
23 77 682
23 99 661
23 26 270
23 61 792
23 33 671
23 50 406
23 86 374
23 39 953
23 49 766
23 24 814
23 91 210
23 48 761
23 31 186
23 43 686
23 88 879
23 81 866
23 57 662
23 30 444
23 65 864
23 92 187
23 38 32
23 67 603
23 47 292
23 58 97
23 75 243
23 79 265
23 90 307
23 71 933
24 59 810
24 32 709
24 79 817
24 69 559
24 31 808
24 62 273
24 44 517
24 100 475
24 76 749
24 93 851
24 49 377
24 86 558
24 54 816
24 46 399
24 64 343
24 37 426
24 53 594
24 26 470
24 27 52
24 51 474
24 41 172
24 84 47
24 96 686
24 36 120
24 45 271
24 68 661
24 91 921
24 29 594
24 82 95
24 42 486
24 39 565
24 61 30
24 78 705
24 85 851
24 52 691
24 94 156
24 97 664
24 70 677
24 66 426
24 25 764
24 63 427
24 65 760
24 60 992
24 30 290
24 88 229
24 80 647
24 81 58
24 38 631
24 75 875
24 87 8
24 73 740
24 72 91
24 48 763
24 47 750
24 58 338
24 56 8
24 74 877
24 98 169
24 43 333
24 57 133
24 90 518
24 28 466
24 99 317
24 50 757
24 77 939
24 34 580
25 92 26
25 35 406
25 61 928
25 90 867
25 76 899
25 39 886
25 40 826
25 38 218
25 66 407
25 98 152
25 97 291
25 29 312
25 70 428
25 37 305
25 95 214
25 45 473
25 79 249
25 78 251
25 86 423
25 84 769
25 32 173
25 54 622
25 69 536
25 41 988
25 50 23
25 56 710
25 100 312
25 34 464
25 27 426
25 94 356
25 30 374
25 74 812
25 47 538
25 85 38
25 53 935
25 65 590
25 46 808
25 44 896
25 91 729
25 31 951
25 87 601
25 59 906
25 42 423
25 26 947
25 96 628
25 99 305
25 67 221
25 73 939
25 68 530
25 52 63
25 80 859
25 60 951
25 48 651
25 75 37
25 49 391
25 77 237
26 69 678
26 95 94
26 98 122
26 63 35
26 78 692
26 68 604
26 66 544
26 47 863
26 40 296
26 94 9
26 57 69
26 34 708
26 67 198
26 28 964
26 50 479
26 88 176
26 70 539
26 62 718
26 32 819
26 96 292
26 53 681
26 31 268
26 80 186
26 61 348
26 55 486
26 83 638
26 58 228
26 30 670
26 38 337
26 33 804
26 48 149
26 91 181
26 56 207
26 97 368
26 43 478
26 100 295
26 84 762
26 60 615
26 46 191
26 79 570
26 75 38
26 39 537
26 74 119
26 86 257
26 42 155
26 77 116
26 49 780
26 54 531
26 71 171
26 29 236
26 45 477
26 27 204
26 90 283
26 92 295
27 65 409
27 77 80
27 76 524
27 55 926
27 87 738
27 62 242
27 100 446
27 86 795
27 49 201
27 35 334
27 84 58
27 93 904
27 40 263
27 42 263
27 78 317
27 30 610
27 36 955
27 56 12
27 98 605
27 34 150
27 57 589
27 69 698
27 37 582
27 72 868
27 85 436
27 90 704
27 33 398
27 91 504
27 70 491
27 47 590
27 88 732
27 79 910
27 44 544
27 97 361
27 28 544
27 45 851
27 46 22
27 64 377
27 92 906
27 41 466
27 83 905
27 89 809
27 50 775
27 99 401
27 66 459
27 52 597
27 96 434
27 95 715
27 51 348
27 59 587
27 67 805
27 71 627
27 38 45
28 81 550
28 73 59
28 61 966
28 85 592
28 44 160
28 53 616
28 91 747
28 76 617
28 68 32
28 39 441
28 65 494
28 37 347
28 58 114
28 84 644
28 71 427
28 78 905
28 92 637
28 36 847
28 74 103
28 70 529
28 93 944
28 42 173
28 97 533
28 45 427
28 99 102
28 56 218
28 46 169
28 82 650
28 54 266
28 100 265
28 89 137
28 41 37
28 60 692
28 64 960
28 86 523
28 38 859
28 31 379
28 49 812
28 79 598
28 62 256
28 55 910
28 48 477
28 77 763
28 57 354
28 59 799
28 32 765
28 98 869
28 34 237
28 95 431
28 72 937
28 88 469
28 66 370
28 35 836
28 90 858
28 30 235
28 52 1000
29 55 866
29 40 468
29 89 580
29 44 261
29 93 717
29 41 486
29 30 320
29 66 165
29 56 208
29 81 526
29 68 742
29 39 434
29 51 886
29 34 639
29 86 73
29 58 525
29 91 954
29 70 483
29 31 299
29 98 14
29 69 672
29 43 934
29 42 493
29 99 874
29 88 16
29 84 163
29 53 226
29 50 235
29 61 348
29 78 224
29 36 693
29 47 101
29 71 111
29 33 745
29 52 92
29 38 565
29 63 501
29 92 602
29 48 838
29 65 687
29 97 81
29 82 867
29 37 522
29 74 976
29 90 44
29 83 196
29 87 278
29 77 771
29 67 577
29 94 895
29 64 937
29 95 640
29 60 702
30 47 478
30 62 797
30 96 287
30 82 19
30 38 263
30 34 425
30 89 956
30 59 724
30 88 73
30 55 678
30 71 896
30 64 225
30 77 29
30 63 678
30 98 59
30 95 857
30 53 536
30 42 188
30 76 549
30 75 621
30 58 21
30 74 222
30 78 940
30 33 591
30 80 23
30 40 638
30 41 271
30 39 153
30 32 728
30 73 819
30 91 542
30 92 275
30 85 785
30 72 160
30 65 326
30 66 290
30 61 773
30 37 95
30 86 796
30 79 572
30 54 911
30 52 58
30 67 520
30 56 98
30 81 352
30 99 998
30 60 491
30 100 541
30 83 416
30 84 367
30 46 655
30 49 865
30 43 656
30 70 155
31 71 277
31 73 665
31 84 454
31 89 112
31 42 999
31 75 549
31 95 796
31 77 726
31 40 992
31 43 586
31 61 752
31 83 36
31 92 461
31 33 701
31 55 205
31 52 59
31 78 829
31 41 117
31 51 567
31 57 649
31 59 306
31 96 796
31 47 625
31 68 478
31 72 958
31 53 405
31 44 277
31 80 60
31 98 380
31 86 126
31 58 679
31 39 927
31 74 592
31 45 202
31 35 334
31 62 846
31 63 957
31 36 452
31 90 692
31 49 608
31 54 40
31 48 205
31 32 460
31 50 203
31 34 410
31 81 778
31 70 315
31 67 0
31 88 996
32 84 527
32 96 190
32 45 751
32 52 469
32 91 976
32 70 188
32 59 456
32 37 217
32 87 126
32 72 138
32 55 519
32 41 113
32 35 397
32 99 725
32 47 281
32 76 982
32 33 707
32 48 928
32 66 822
32 100 383
32 81 206
32 79 383
32 86 306
32 40 64
32 94 77
32 46 869
32 38 335
32 98 784
32 50 443
32 69 977
32 61 661
32 78 859
32 60 887
32 90 511
32 97 648
32 44 599
32 67 308
32 51 911
32 74 790
32 83 539
32 77 268
32 36 463
32 54 573
32 93 625
32 58 837
32 39 434
32 49 614
33 84 682
33 52 111
33 92 417
33 77 327
33 41 813
33 87 889
33 98 73
33 51 491
33 96 563
33 81 774
33 97 209
33 48 817
33 63 209
33 65 793
33 86 410
33 74 21
33 57 501
33 93 345
33 89 628
33 80 897
33 38 329
33 39 324
33 94 901
33 40 860
33 60 866
33 67 885
33 68 432
33 50 470
33 72 28
33 70 4
33 59 903
33 99 302
33 64 335
33 69 831
33 45 741
33 55 438
33 49 386
33 90 635
33 53 111
33 85 189
33 36 361
33 66 679
33 88 355
33 42 247
33 37 769
33 76 933
33 62 917
33 35 72
33 95 642
33 78 947
34 55 197
34 64 759
34 86 20
34 56 45
34 92 577
34 57 112
34 98 207
34 59 533
34 53 132
34 73 412
34 94 503
34 62 191
34 68 305
34 43 452
34 45 143
34 37 271
34 85 774
34 66 787
34 83 709
34 58 731
34 39 849
34 71 602
34 77 142
34 81 981
34 74 376
34 40 38
34 41 379
34 93 834
34 36 729
34 67 541
34 91 495
34 69 20
34 50 880
34 96 327
34 63 889
34 90 650
34 97 76
34 54 601
34 61 994
34 100 152
34 82 770
34 95 557
34 44 955
34 87 450
34 75 727
34 72 62
34 76 42
34 60 161
34 78 6
35 64 63
35 92 831
35 36 506
35 58 323
35 69 703
35 74 336
35 96 593
35 78 830
35 89 867
35 40 759
35 45 116
35 80 780
35 99 501
35 42 120
35 61 446
35 49 958
35 100 828
35 98 820
35 41 799
35 86 897
35 46 441
35 52 212
35 53 748
35 59 407
35 91 761
35 88 665
35 81 362
35 77 621
35 54 860
35 73 310
35 72 489
35 62 55
35 39 681
35 65 388
35 47 31
35 75 292
35 38 352
35 67 521
35 70 18
35 55 385
35 66 959
35 76 411
35 60 21
35 56 780
35 95 559
36 81 943
36 68 984
36 66 119
36 92 796
36 93 928
36 38 146
36 54 960
36 63 901
36 95 471
36 69 84
36 72 539
36 41 509
36 62 897
36 43 918
36 77 8
36 44 378
36 98 940
36 47 69
36 79 453
36 94 622
36 64 115
36 85 43
36 58 87
36 74 633
36 80 364
36 45 526
36 70 584
36 56 694
36 83 755
36 39 182
36 90 675
36 51 187
36 52 591
36 59 553
36 60 856
36 40 793
36 75 492
36 48 86
36 91 352
36 100 520
36 42 150
36 86 909
36 55 110
37 45 562
37 43 903
37 73 451
37 66 134
37 89 385
37 99 298
37 42 556
37 93 668
37 67 705
37 49 823
37 60 658
37 58 922
37 44 910
37 83 938
37 86 627
37 77 751
37 54 964
37 85 406
37 57 799
37 38 561
37 79 302
37 62 902
37 61 222
37 50 757
37 91 34
37 78 533
37 68 531
37 76 106
37 51 361
37 95 231
37 47 840
37 59 463
37 74 713
37 82 498
37 48 169
37 98 244
37 52 488
37 65 206
37 88 825
37 72 429
37 55 301
37 70 53
37 53 30
37 41 412
37 84 284
37 90 148
37 63 408
37 46 993
37 64 754
37 69 228
37 75 978
37 39 965
38 55 936
38 66 847
38 85 995
38 87 365
38 75 255
38 48 964
38 97 251
38 73 797
38 98 235
38 72 325
38 64 948
38 91 771
38 83 967
38 59 212
38 92 293
38 84 846
38 42 961
38 77 321
38 88 743
38 44 750
38 49 500
38 100 37
38 51 146
38 70 52
38 99 33
38 60 834
38 52 482
38 57 598
38 54 382
38 50 430
38 39 449
38 56 576
38 68 588
38 47 578
38 96 33
38 93 813
38 90 562
38 82 974
38 58 945
38 74 981
38 94 305
38 69 884
38 65 942
38 46 5
38 95 836
38 43 429
38 76 368
38 61 727
38 79 665
39 49 979
39 56 929
39 89 454
39 80 321
39 81 339
39 64 946
39 84 90
39 72 556
39 59 50
39 91 158
39 77 667
39 73 88
39 79 128
39 62 879
39 55 806
39 74 850
39 46 461
39 99 858
39 67 965
39 95 701
39 60 0
39 52 190
39 63 320
39 87 122
39 47 712
39 92 649
39 40 494
39 50 1
39 98 575
39 42 63
39 97 982
39 51 587
39 94 965
39 54 523
39 85 790
39 100 768
39 43 704
39 69 265
39 61 82
39 48 127
39 53 625
39 93 597
39 88 226
39 70 565
39 57 164
39 76 684
39 86 550
39 82 173
40 88 122
40 70 317
40 65 610
40 42 438
40 82 495
40 77 875
40 50 243
40 98 740
40 45 243
40 71 194
40 87 484
40 91 147
40 86 421
40 74 838
40 67 416
40 55 836
40 99 561
40 78 989
40 90 462
40 47 234
40 72 264
40 85 729
40 81 936
40 43 795
40 79 665
40 92 949
40 57 202
40 53 8
40 66 741
40 94 131
40 54 473
40 68 262
40 52 698
40 46 974
40 64 582
40 97 840
40 69 616
40 89 758
40 49 542
40 80 260
41 98 32
41 42 281
41 88 989
41 57 788
41 63 121
41 60 157
41 64 84
41 79 203
41 82 512
41 45 451
41 62 444
41 78 406
41 49 451
41 89 613
41 58 939
41 85 710
41 50 577
41 90 632
41 53 43
41 54 260
41 48 966
41 87 643
41 81 36
41 91 85
41 59 195
41 47 592
41 93 476
41 86 747
41 83 794
41 97 306
41 99 672
41 51 815
41 95 662
41 96 811
41 69 204
41 56 341
41 55 689
41 73 797
41 66 36
41 68 13
41 70 574
41 75 128
42 71 59
42 97 167
42 70 800
42 90 324
42 79 800
42 52 861
42 56 60
42 89 279
42 87 326
42 51 135
42 83 406
42 67 412
42 98 852
42 57 494
42 73 661
42 91 925
42 66 220
42 64 79
42 43 398
42 54 128
42 60 70
42 68 897
42 72 115
42 55 602
42 100 877
42 75 422
42 92 50
42 82 705
42 44 32
42 84 109
42 81 462
42 93 97
42 48 790
42 80 129
42 85 880
42 63 705
42 76 314
42 49 201
43 48 794
43 58 610
43 64 877
43 93 307
43 79 390
43 84 113
43 67 29
43 78 331
43 89 761
43 72 68
43 60 855
43 66 629
43 87 384
43 77 554
43 49 55
43 69 940
43 56 53
43 75 911
43 100 276
43 97 85
43 45 842
43 80 535
43 55 486
43 85 825
43 99 70
43 46 237
43 57 819
43 63 60
43 53 566
43 62 2
43 96 438
43 54 967
43 91 224
43 98 532
43 47 959
43 70 82
43 50 67
43 95 227
43 92 689
43 59 509
43 52 257
43 73 929
43 68 505
43 51 540
43 71 800
43 76 760
43 90 731
43 74 558
43 83 115
43 94 565
44 50 692
44 77 317
44 49 408
44 52 120
44 96 655
44 99 905
44 58 167
44 69 166
44 54 516
44 65 774
44 85 45
44 62 652
44 71 230
44 84 677
44 72 957
44 59 244
44 86 697
44 100 230
44 63 651
44 97 623
44 55 105
44 60 16
44 48 1
44 56 956
44 78 990
44 75 110
44 74 130
44 51 457
44 70 378
44 91 412
44 80 466
44 83 974
44 66 950
44 57 46
44 89 997
44 95 830
44 81 898
44 45 794
44 94 62
44 93 546
44 90 150
45 76 798
45 91 944
45 47 466
45 62 979
45 77 864
45 87 376
45 100 954
45 83 806
45 99 672
45 55 127
45 97 173
45 59 615
45 85 679
45 67 467
45 61 355
45 50 572
45 94 658
45 65 535
45 63 297
45 71 967
45 68 796
45 51 625
45 58 117
45 89 390
45 78 783
45 79 563
45 46 99
45 49 646
45 72 317
45 81 192
45 64 898
45 88 267
45 93 715
45 70 571
45 54 149
45 80 101
45 96 990
45 92 512
45 74 204
45 90 351
45 52 567
45 95 330
45 53 500
45 73 347
45 56 340
45 69 525
45 66 845
46 69 336
46 75 540
46 49 617
46 65 336
46 57 20
46 95 923
46 86 446
46 94 336
46 77 718
46 72 812
46 61 369
46 60 85
46 64 473
46 92 82
46 66 812
46 90 669
46 84 342
46 93 352
46 97 467
46 48 219
46 87 777
46 80 504
46 56 562
46 59 288
46 71 978
46 63 223
46 62 90
46 91 541
46 50 954
46 67 247
46 53 368
46 83 383
46 76 286
46 52 420
46 54 563
46 96 26
46 78 81
46 81 965
46 82 669
46 58 818
46 73 479
46 98 193
46 85 124
47 90 503
47 96 699
47 85 412
47 72 370
47 92 793
47 98 706
47 89 584
47 79 400
47 59 505
47 57 53
47 64 511
47 70 561
47 52 753
47 53 912
47 78 72
47 95 45
47 73 972
47 58 878
47 48 257
47 80 512
47 65 509
47 50 673
47 51 545
47 62 794
47 91 814
47 100 151
47 93 792
47 88 179
47 76 178
47 55 394
47 67 999
47 83 516
47 56 900
47 99 738
47 71 81
47 75 693
48 51 819
48 79 966
48 99 699
48 77 882
48 72 587
48 60 899
48 82 237
48 68 618
48 76 611
48 84 889
48 92 23
48 50 377
48 78 312
48 64 875
48 67 856
48 100 600
48 54 853
48 49 381
48 86 902
48 61 175
48 66 761
48 93 162
48 71 894
48 95 592
48 98 23
48 52 588
48 91 131
48 65 118
48 97 251
48 74 653
48 62 987
48 80 581
48 63 702
48 83 72
49 68 98
49 86 749
49 82 222
49 98 800
49 85 29
49 78 470
49 60 967
49 84 889
49 99 821
49 54 622
49 70 148
49 96 714
49 89 718
49 51 652
49 57 533
49 71 355
49 97 865
49 90 41
49 52 5
49 58 86
49 63 656
49 75 116
49 80 512
49 83 933
49 64 390
49 73 910
49 95 182
49 55 747
49 50 86
49 67 23
49 79 982
49 87 766
49 56 956
49 92 339
49 74 883
49 88 223
49 76 967
49 81 84
49 59 834
49 91 81
49 62 990
49 65 429
50 97 236
50 56 548
50 69 145
50 79 460
50 66 451
50 75 663
50 86 727
50 96 34
50 71 963
50 73 130
50 61 911
50 51 683
50 67 534
50 94 50
50 62 186
50 88 455
50 83 629
50 78 481
50 64 301
50 59 645
50 81 751
50 55 817
50 92 636
50 54 305
50 91 120
50 70 776
50 58 777
50 93 866
50 90 443
50 77 332
50 53 60
50 60 67
50 74 483
50 68 687
50 52 79
50 76 15
50 65 909
50 100 765
50 82 993
50 84 139
50 89 672
50 80 662
51 79 152
51 78 522
51 93 443
51 88 728
51 59 718
51 97 838
51 53 264
51 94 208
51 73 670
51 96 896
51 71 686
51 77 123
51 82 664
51 63 315
51 92 524
51 62 9
51 56 284
51 75 978
51 65 951
51 91 665
51 57 654
51 83 337
51 52 732
51 64 782
51 90 948
51 54 688
51 84 587
51 69 715
51 61 373
51 81 210
51 89 181
51 70 649
51 99 703
52 60 260
52 85 240
52 67 885
52 97 248
52 86 752
52 96 393
52 83 69
52 76 983
52 77 855
52 94 38
52 70 957
52 95 159
52 61 812
52 66 519
52 75 950
52 78 64
52 71 721
52 80 274
52 73 539
52 58 964
52 84 396
52 65 265
52 79 606
52 90 407
52 55 427
52 89 578
52 62 296
52 91 22
52 88 13
52 59 554
52 53 79
52 81 924
52 56 412
52 82 670
52 87 764
52 68 953
52 99 698
52 92 942
53 74 484
53 56 18
53 94 428
53 61 712
53 90 439
53 76 313
53 84 153
53 63 534
53 72 189
53 98 268
53 85 121
53 99 47
53 64 405
53 88 351
53 83 331
53 100 1000
53 80 773
53 86 435
53 75 916
53 70 932
53 62 201
53 96 318
53 93 954
53 68 153
53 58 539
53 89 324
53 69 683
53 77 695
53 71 616
53 54 633
53 82 106
53 73 343
53 78 60
54 70 888
54 67 860
54 72 968
54 60 462
54 91 932
54 83 884
54 68 960
54 57 605
54 84 971
54 79 234
54 77 401
54 92 815
54 75 510
54 87 786
54 97 624
54 58 493
54 62 419
54 55 490
54 89 791
54 63 400
54 93 280
54 96 537
54 99 764
54 94 882
54 90 593
54 65 866
54 98 305
54 73 668
54 81 514
54 95 839
54 69 248
54 66 600
54 82 996
54 78 924
54 74 219
54 71 808
54 64 779
54 86 84
54 80 346
54 85 899
55 96 371
55 57 846
55 99 850
55 92 525
55 71 693
55 77 125
55 78 429
55 70 812
55 86 466
55 73 219
55 67 259
55 98 562
55 62 319
55 76 851
55 81 259
55 72 13
55 68 231
55 91 855
55 93 415
55 82 313
55 58 296
55 95 11
55 61 418
55 59 831
55 66 880
55 94 968
55 85 285
55 65 841
55 83 891
55 100 302
55 97 229
55 88 888
56 96 40
56 66 522
56 87 559
56 75 953
56 86 40
56 97 397
56 77 189
56 62 781
56 88 269
56 70 948
56 91 838
56 76 579
56 90 851
56 95 810
56 78 469
56 64 88
56 80 305
56 79 225
56 83 878
56 85 122
56 93 249
56 89 761
56 59 888
56 81 835
56 61 712
56 82 569
56 71 996
56 92 970
56 58 799
57 86 402
57 81 544
57 73 315
57 99 903
57 72 455
57 61 433
57 92 154
57 98 161
57 84 689
57 74 813
57 100 261
57 64 916
57 91 690
57 88 511
57 75 764
57 60 332
57 93 266
57 70 843
57 63 797
57 62 669
57 68 328
57 80 483
57 77 862
57 90 328
57 82 467
57 96 20
57 83 53
57 67 510
57 65 144
57 97 703
57 95 985
57 59 544
57 66 631
57 69 240
58 82 135
58 86 229
58 72 564
58 64 259
58 60 418
58 88 339
58 91 82
58 68 547
58 89 530
58 92 234
58 65 333
58 75 996
58 81 407
58 77 80
58 99 739
58 67 109
58 94 598
58 79 959
58 85 285
58 62 303
58 66 704
58 59 211
58 95 68
58 63 568
58 76 806
58 61 200
58 71 266
58 90 726
58 84 239
58 87 14
58 70 354
58 73 10
58 98 579
58 97 392
59 94 468
59 80 838
59 97 745
59 99 296
59 88 654
59 86 724
59 74 567
59 83 718
59 81 923
59 76 849
59 61 619
59 71 285
59 84 470
59 68 212
59 98 894
59 96 583
59 90 464
59 85 560
59 95 415
59 70 101
59 66 457
59 62 764
59 77 193
59 69 856
59 65 519
59 92 131
59 87 971
59 89 328
59 79 159
59 100 757
60 87 82
60 88 593
60 64 457
60 94 828
60 75 478
60 76 657
60 68 623
60 86 666
60 72 86
60 81 681
60 79 229
60 80 865
60 71 755
60 63 730
60 74 949
60 89 110
60 83 685
60 100 625
60 78 723
60 73 349
60 70 193
60 77 27
60 67 942
60 96 114
60 91 257
60 90 320
60 99 914
60 62 339
60 66 120
60 92 0
60 97 425
61 95 366
61 75 740
61 97 632
61 92 176
61 87 213
61 67 484
61 89 459
61 72 666
61 93 983
61 84 364
61 90 859
61 77 586
61 69 207
61 63 269
61 81 767
61 79 337
61 91 118
61 76 770
61 68 788
61 66 315
61 71 119
61 80 651
61 74 817
61 62 389
61 100 810
61 98 61
61 64 909
61 88 674
61 94 238
62 90 753
62 81 545
62 78 212
62 77 861
62 95 806
62 74 103
62 99 544
62 93 855
62 76 630
62 92 183
62 69 60
62 72 632
62 85 595
62 91 924
62 63 321
62 66 215
62 73 963
62 87 533
62 94 601
62 65 329
62 79 333
62 98 286
62 82 316
62 86 78
62 80 723
63 90 530
63 71 45
63 82 598
63 86 720
63 81 299
63 84 275
63 77 665
63 76 676
63 74 977
63 98 609
63 97 386
63 92 547
63 96 168
63 89 566
63 70 225
63 68 316
63 78 391
63 73 723
63 79 107
63 91 134
63 85 507
63 87 583
63 66 37
63 65 337
63 72 386
63 95 281
64 96 928
64 65 11
64 72 881
64 98 130
64 71 989
64 99 514
64 70 636
64 90 307
64 67 961
64 88 506
64 81 28
64 97 52
64 89 292
64 76 430
64 73 278
64 84 928
64 92 271
64 68 252
64 82 497
64 80 842
64 91 910
64 83 992
64 100 360
64 94 251
64 93 471
64 77 586
65 79 56
65 87 824
65 81 877
65 85 320
65 80 247
65 75 822
65 96 918
65 95 758
65 92 630
65 78 858
65 71 252
65 74 721
65 72 140
65 68 646
65 93 975
65 98 618
65 100 167
65 88 84
65 69 814
65 70 681
65 86 877
65 99 242
65 90 19
65 97 664
65 66 284
65 91 76
65 84 16
65 76 13
66 70 804
66 82 591
66 85 725
66 88 7
66 100 11
66 69 713
66 74 442
66 68 50
66 94 217
66 92 98
66 93 625
66 87 111
66 83 998
66 91 246
66 72 590
66 78 903
66 86 898
66 95 350
66 99 489
66 89 780
66 76 895
66 84 611
66 98 261
67 82 47
67 90 403
67 80 156
67 89 583
67 79 643
67 74 472
67 78 307
67 81 428
67 76 434
67 87 901
67 86 518
67 71 838
67 97 111
67 72 41
67 93 956
67 88 12
67 100 230
67 98 703
67 75 584
67 83 648
67 91 682
68 77 928
68 93 893
68 89 291
68 75 273
68 98 420
68 83 664
68 91 95
68 70 701
68 97 914
68 73 705
68 96 802
68 76 401
68 100 379
68 88 253
68 84 265
68 78 747
68 72 771
68 94 194
68 69 242
68 90 315
68 87 919
68 81 116
68 92 966
68 99 391
68 86 273
68 82 636
69 91 282
69 96 182
69 90 102
69 87 177
69 75 295
69 72 29
69 100 21
69 81 548
69 74 853
69 77 817
69 80 867
69 93 5
69 94 929
69 88 311
69 89 320
69 85 545
69 98 652
69 99 668
69 97 666
69 76 787
69 82 472
69 71 212
69 95 250
70 79 238
70 82 539
70 94 218
70 81 1000
70 84 94
70 77 627
70 89 663
70 92 462
70 100 919
70 88 962
70 73 965
70 91 94
70 74 43
70 90 570
70 95 16
70 87 390
70 83 268
70 71 488
70 99 725
70 98 47
70 97 199
70 80 783
70 72 186
71 91 858
71 80 539
71 76 571
71 99 383
71 87 519
71 98 522
71 90 372
71 83 665
71 72 641
71 77 797
71 82 297
71 85 907
71 94 206
71 96 402
71 93 689
71 88 588
71 89 79
71 86 594
71 78 669
71 74 749
71 97 667
72 92 557
72 98 510
72 84 440
72 82 73
72 93 922
72 94 765
72 90 971
72 74 66
72 75 95
72 83 52
72 78 297
72 91 201
72 88 334
72 100 239
72 77 213
72 99 656
72 86 51
72 89 120
72 76 949
72 73 950
72 97 425
73 79 735
73 97 497
73 90 921
73 78 400
73 76 282
73 75 63
73 88 580
73 99 408
73 92 224
73 95 506
73 81 410
73 89 485
73 94 324
73 77 972
73 82 256
73 84 657
73 86 846
74 94 115
74 84 894
74 77 958
74 88 61
74 100 904
74 82 273
74 98 775
74 75 977
74 89 816
74 83 880
74 87 412
74 99 154
74 93 302
74 91 454
74 78 525
74 86 675
74 80 998
74 76 802
74 96 928
74 81 134
74 85 742
74 95 651
74 90 246
74 97 434
74 92 755
75 97 625
75 98 451
75 78 851
75 99 325
75 84 605
75 77 5
75 88 804
75 76 315
75 92 340
75 85 235
75 86 432
75 82 410
75 93 508
75 81 306
75 87 802
75 90 621
75 91 487
75 89 798
75 79 62
75 96 480
76 84 828
76 88 628
76 99 109
76 91 717
76 81 364
76 79 89
76 98 476
76 85 315
76 78 248
76 87 507
76 100 539
76 89 848
76 96 38
76 93 878
76 95 58
76 94 5
76 92 643
76 97 622
77 85 143
77 84 49
77 93 685
77 88 238
77 97 809
77 82 507
77 80 352
77 78 534
77 94 444
77 83 8
77 89 853
77 96 346
77 79 613
77 90 82
77 81 311
77 91 226
77 92 869
77 100 699
78 85 396
78 89 18
78 96 409
78 97 982
78 88 401
78 80 742
78 87 387
78 81 468
78 86 811
78 93 564
78 99 99
78 84 55
78 79 13
78 91 892
78 90 605
78 94 140
78 92 768
79 98 720
79 100 355
79 97 186
79 81 710
79 94 927
79 92 28
79 84 804
79 91 254
79 86 669
79 90 36
79 96 70
79 82 272
79 85 221
79 99 900
79 80 639
79 95 258
79 89 879
80 96 63
80 82 7
80 93 398
80 90 189
80 83 289
80 95 440
80 92 20
80 94 450
80 85 403
80 97 666
80 87 859
80 81 48
80 91 191
80 89 606
81 82 0
81 95 579
81 85 597
81 96 826
81 92 158
81 98 378
81 90 242
81 94 861
81 93 751
81 89 567
81 88 572
81 100 758
81 86 725
81 84 991
81 83 293
82 90 139
82 100 495
82 93 832
82 94 38
82 84 652
82 91 601
82 89 669
82 85 661
82 98 392
82 96 349
82 83 62
82 99 104
83 98 597
83 94 817
83 99 555
83 95 487
83 97 174
83 100 77
83 91 144
83 89 901
83 87 628
83 90 680
83 86 384
83 93 304
83 88 549
83 85 545
83 92 869
84 86 347
84 85 973
84 100 717
84 88 797
84 90 365
84 97 980
84 93 430
84 96 968
84 99 571
84 98 685
84 87 892
85 100 823
85 90 40
85 87 113
85 98 674
85 89 723
85 97 246
85 91 519
85 86 186
85 96 783
85 92 62
85 95 567
85 88 806
86 91 270
86 98 271
86 89 918
86 97 493
86 88 438
86 92 942
86 94 560
86 90 429
86 93 253
87 89 453
87 95 850
87 96 378
87 97 11
87 98 140
87 91 967
87 93 199
87 99 391
87 92 11
88 90 961
88 92 483
88 89 230
88 94 627
88 97 294
88 96 493
88 100 740
88 95 370
88 98 181
89 99 571
89 98 461
89 95 993
89 94 75
89 100 926
89 96 71
90 95 707
90 100 156
90 98 425
90 92 161
90 99 979
90 97 881
90 91 411
90 96 343
90 94 906
91 96 831
91 95 735
91 97 221
91 93 551
91 92 174
91 99 846
91 100 310
91 94 530
91 98 852
92 95 82
92 96 872
92 94 296
92 93 97
92 97 974
92 99 837
92 100 360
93 100 673
93 98 344
93 99 305
93 97 485
93 95 279
94 100 344
94 96 916
94 95 36
95 96 814
95 98 832
95 97 644
96 98 506
97 100 287
97 98 360
97 99 413
98 99 739
98 100 565
99 100 815
