100
4000
1 15 46
1 6 181
1 59 435
1 46 641
1 100 146
1 77 408
1 68 640
1 31 866
1 13 27
1 64 868
1 86 850
1 47 502
1 90 176
1 97 815
1 38 258
1 75 32
1 95 88
1 25 565
1 49 6
1 33 548
1 57 258
1 99 806
1 10 550
1 84 367
1 50 354
1 52 89
1 43 181
1 80 734
1 61 518
1 19 755
1 22 76
1 8 120
1 94 355
1 4 859
1 88 829
1 67 893
1 26 136
1 37 590
1 73 640
1 69 332
1 72 848
1 36 560
1 76 302
1 63 262
1 70 214
1 93 331
1 74 366
1 16 149
1 2 357
1 85 932
1 55 117
1 71 742
1 12 900
1 83 16
1 98 813
1 78 908
1 87 107
1 17 663
1 29 475
1 79 524
1 24 339
1 20 391
1 65 613
1 58 986
1 42 39
1 44 882
1 53 840
1 32 265
1 62 887
1 7 423
1 82 856
1 91 548
1 14 476
1 21 565
1 11 204
1 35 879
1 30 762
1 27 516
1 54 360
1 41 513
2 76 686
2 22 966
2 79 719
2 41 289
2 99 708
2 53 599
2 70 966
2 19 72
2 46 920
2 45 676
2 57 650
2 11 781
2 67 590
2 93 332
2 94 790
2 48 222
2 29 127
2 91 267
2 58 979
2 61 945
2 35 374
2 30 420
2 59 222
2 64 107
2 75 423
2 7 533
2 42 22
2 43 764
2 27 799
2 56 512
2 90 511
2 88 441
2 28 405
2 38 122
2 66 400
2 97 194
2 9 234
2 17 970
2 32 134
2 78 773
2 69 89
2 23 229
2 63 368
2 15 416
2 49 16
2 31 69
2 100 143
2 98 381
2 72 336
2 10 309
2 77 96
2 4 298
2 14 316
2 68 928
2 52 677
2 47 276
2 80 862
2 51 534
2 92 447
2 24 500
2 36 622
2 74 700
2 12 919
2 95 655
2 20 581
2 26 808
2 62 41
2 39 604
2 3 724
2 16 82
2 71 482
2 44 321
2 73 947
3 22 318
3 6 390
3 18 870
3 44 862
3 83 449
3 42 189
3 94 422
3 57 123
3 45 425
3 32 759
3 5 743
3 91 282
3 30 840
3 28 601
3 76 484
3 80 957
3 92 263
3 38 887
3 20 650
3 7 50
3 43 515
3 73 317
3 54 318
3 17 834
3 55 978
3 48 645
3 70 567
3 49 209
3 86 908
3 36 609
3 25 705
3 35 207
3 46 924
3 33 468
3 47 80
3 69 41
3 82 650
3 74 307
3 59 730
3 95 925
3 27 995
3 87 688
3 23 950
3 15 766
3 89 647
3 34 470
3 58 228
3 12 532
3 9 604
3 31 917
3 90 785
3 100 556
3 96 729
3 77 409
3 88 952
3 79 613
3 81 938
3 84 242
3 24 349
3 29 66
3 72 969
3 60 563
3 51 213
3 10 246
3 85 352
3 64 209
3 14 176
3 4 432
3 50 773
3 62 227
3 16 97
3 19 340
3 68 606
3 99 451
4 52 619
4 50 541
4 36 794
4 61 36
4 62 138
4 96 238
4 75 926
4 15 752
4 28 154
4 23 477
4 17 197
4 55 669
4 57 460
4 68 252
4 11 79
4 16 173
4 51 119
4 32 254
4 100 981
4 86 75
4 49 678
4 37 508
4 38 706
4 69 48
4 5 917
4 81 770
4 34 229
4 21 759
4 60 117
4 65 139
4 79 622
4 93 879
4 64 807
4 80 142
4 20 546
4 27 724
4 10 730
4 91 540
4 35 892
4 87 452
4 88 398
4 59 173
4 29 480
4 7 68
4 56 984
4 53 518
4 89 783
4 18 150
4 83 982
4 73 91
4 47 387
4 46 145
4 44 20
4 98 890
4 85 394
4 94 321
4 54 260
4 39 269
4 90 92
4 6 863
4 72 9
4 31 448
4 82 88
4 24 980
4 19 763
4 74 300
4 22 88
4 58 236
4 99 259
4 42 672
4 8 909
4 71 520
4 40 856
4 26 726
4 14 305
4 25 822
4 76 120
5 98 13
5 57 442
5 6 254
5 34 24
5 17 467
5 65 119
5 15 136
5 32 583
5 11 426
5 100 244
5 30 90
5 90 648
5 51 391
5 48 757
5 56 56
5 49 143
5 93 807
5 64 945
5 35 964
5 79 996
5 92 207
5 73 801
5 13 34
5 84 748
5 76 741
5 83 870
5 70 867
5 36 738
5 68 624
5 81 687
5 86 278
5 20 364
5 89 587
5 44 566
5 53 318
5 19 589
5 95 299
5 52 808
5 40 809
5 14 59
5 97 430
5 41 993
5 80 309
5 69 669
5 99 130
5 71 749
5 38 416
5 27 152
5 47 822
5 96 298
5 59 821
5 33 249
5 91 370
5 21 601
5 62 834
5 61 820
5 77 507
5 29 788
5 10 651
5 18 679
5 42 577
5 82 443
5 85 562
5 24 451
5 37 442
5 28 206
5 60 84
5 23 736
5 58 634
5 8 632
5 26 189
5 16 40
5 50 845
5 45 394
5 66 762
5 72 426
5 39 294
5 94 555
5 12 174
5 54 544
5 43 619
6 10 343
6 72 583
6 55 524
6 43 684
6 100 684
6 61 933
6 7 650
6 89 865
6 79 645
6 67 196
6 95 674
6 47 124
6 85 409
6 71 133
6 36 505
6 84 45
6 8 709
6 12 261
6 83 634
6 24 268
6 19 194
6 63 363
6 54 86
6 57 63
6 27 767
6 29 232
6 26 450
6 17 693
6 90 628
6 52 153
6 18 294
6 70 152
6 16 532
6 82 593
6 48 279
6 78 905
6 75 141
6 76 287
6 53 638
6 42 777
6 44 728
6 98 815
6 14 784
6 96 900
6 37 748
6 66 632
6 41 457
6 94 310
6 15 776
6 31 948
6 9 975
6 58 788
6 22 146
6 34 10
6 65 808
6 73 403
6 35 405
6 88 495
6 45 608
6 20 101
6 91 744
6 62 116
6 87 514
6 68 510
6 50 946
6 49 670
6 59 42
6 80 587
6 81 653
6 38 668
6 30 96
6 99 455
6 28 858
6 46 390
6 86 954
6 74 666
6 77 808
6 51 562
6 92 808
7 24 655
7 28 383
7 70 807
7 37 466
7 73 818
7 93 721
7 26 312
7 29 324
7 12 628
7 38 30
7 39 475
7 53 943
7 48 978
7 10 50
7 25 472
7 80 685
7 84 656
7 15 523
7 35 559
7 66 890
7 82 481
7 95 19
7 55 817
7 64 215
7 88 402
7 50 696
7 47 692
7 56 526
7 98 484
7 77 619
7 22 312
7 57 532
7 32 782
7 59 839
7 45 446
7 92 717
7 69 179
7 75 803
7 49 623
7 63 374
7 13 587
7 97 777
7 99 887
7 58 381
7 54 545
7 61 87
7 9 187
7 65 14
7 90 373
7 87 174
7 79 474
7 31 301
7 51 11
7 20 913
7 11 710
7 21 443
7 19 390
7 41 110
7 44 529
7 36 399
7 85 969
7 89 546
7 43 481
7 18 344
7 83 110
7 78 772
7 62 345
7 60 319
7 33 362
7 96 828
7 23 982
7 76 615
7 74 732
7 27 206
7 71 72
7 100 803
7 81 218
7 30 534
7 40 187
8 54 1000
8 55 228
8 10 430
8 77 666
8 20 695
8 48 507
8 37 361
8 23 232
8 57 911
8 100 267
8 70 591
8 91 392
8 72 909
8 47 634
8 82 499
8 69 769
8 56 599
8 31 367
8 51 397
8 53 217
8 71 820
8 32 411
8 99 981
8 12 637
8 94 588
8 27 297
8 25 300
8 74 948
8 35 455
8 19 230
8 40 195
8 61 689
8 30 10
8 76 970
8 95 810
8 96 931
8 11 517
8 97 791
8 93 286
8 73 990
8 44 792
8 41 458
8 21 942
8 39 19
8 49 995
8 24 260
8 38 87
8 15 238
8 90 716
8 26 298
8 84 190
8 9 386
8 46 854
8 89 307
8 85 171
8 68 208
8 66 915
8 86 190
8 36 40
8 98 776
8 50 228
8 28 429
8 67 924
8 18 440
8 14 213
8 34 470
8 79 500
8 81 21
8 16 589
8 42 151
8 45 183
8 52 56
8 59 166
9 47 300
9 33 816
9 68 598
9 94 324
9 11 836
9 85 203
9 65 798
9 93 302
9 59 490
9 91 116
9 53 461
9 14 860
9 67 215
9 25 449
9 64 877
9 63 347
9 18 545
9 75 234
9 69 191
9 70 40
9 81 956
9 16 568
9 60 571
9 87 625
9 29 102
9 86 923
9 45 586
9 76 726
9 24 242
9 58 504
9 89 916
9 92 702
9 95 578
9 15 243
9 34 910
9 55 310
9 22 478
9 44 286
9 38 231
9 42 31
9 13 350
9 31 696
9 84 477
9 79 7
9 12 341
9 82 837
9 83 246
9 17 480
9 71 923
9 21 233
9 66 68
9 30 714
9 51 777
9 50 250
9 49 953
9 88 659
9 10 921
9 28 33
9 40 32
9 80 365
9 35 848
9 20 595
9 96 873
9 90 573
9 97 37
9 77 255
9 74 16
9 57 325
9 73 653
9 61 217
9 41 61
9 27 488
9 78 152
9 99 426
9 37 200
10 54 911
10 84 844
10 80 417
10 71 935
10 37 268
10 44 707
10 38 377
10 89 576
10 76 664
10 15 472
10 90 456
10 61 954
10 17 828
10 98 901
10 78 289
10 47 826
10 45 203
10 51 983
10 94 684
10 73 424
10 39 543
10 87 875
10 79 8
10 95 711
10 29 397
10 97 513
10 68 472
10 99 406
10 35 876
10 66 154
10 43 909
10 72 615
10 63 590
10 65 537
10 93 866
10 28 671
10 46 687
10 96 573
10 11 68
10 52 777
10 20 386
10 50 381
10 49 479
10 75 915
10 24 97
10 92 354
10 22 703
10 82 328
10 56 177
10 85 575
10 70 796
10 19 920
10 64 136
10 53 458
10 86 550
10 32 385
10 30 81
10 62 561
10 67 446
10 12 791
10 88 847
10 36 869
10 83 115
10 48 345
10 25 146
10 26 839
10 58 898
10 14 737
10 77 349
10 13 533
10 41 680
10 42 449
10 21 909
11 92 516
11 36 659
11 69 121
11 57 958
11 23 697
11 42 496
11 46 372
11 50 600
11 75 776
11 47 589
11 98 348
11 79 371
11 87 556
11 56 364
11 16 508
11 15 37
11 17 526
11 97 654
11 63 62
11 70 966
11 41 277
11 95 106
11 73 408
11 38 473
11 88 152
11 67 313
11 100 257
11 21 363
11 29 616
11 51 647
11 14 944
11 91 114
11 37 263
11 30 628
11 31 793
11 59 178
11 96 569
11 84 370
11 61 797
11 60 740
11 85 563
11 54 990
11 53 60
11 81 577
11 45 609
11 83 526
11 86 775
11 55 468
11 27 228
11 40 778
11 22 278
11 76 157
11 52 460
11 82 565
11 94 782
11 71 535
11 32 182
11 34 500
11 26 131
11 43 812
11 62 95
11 93 293
11 72 44
11 74 240
11 35 17
11 44 610
11 48 948
11 99 701
11 13 121
11 66 4
11 78 924
11 18 403
11 64 329
11 65 707
11 25 814
11 77 490
11 80 953
11 19 841
11 33 249
11 68 949
11 28 511
12 84 787
12 95 756
12 52 149
12 27 86
12 61 711
12 90 526
12 40 398
12 42 99
12 93 375
12 91 756
12 43 887
12 85 230
12 22 610
12 15 431
12 36 247
12 34 329
12 68 205
12 19 543
12 98 119
12 96 382
12 26 842
12 53 590
12 86 920
12 24 2
12 59 770
12 62 445
12 39 333
12 18 737
12 58 823
12 89 200
12 38 981
12 31 68
12 41 753
12 37 530
12 33 597
12 28 584
12 75 475
12 74 878
12 49 189
12 97 288
12 55 875
12 16 409
12 69 796
12 64 391
12 48 504
12 78 146
12 65 580
12 82 875
12 72 373
12 73 313
12 21 778
12 13 402
12 100 28
12 71 887
12 83 226
12 92 389
12 80 111
12 30 643
12 70 789
12 29 734
12 50 476
12 17 48
12 47 54
13 24 87
13 88 578
13 18 701
13 49 466
13 43 613
13 77 220
13 92 178
13 38 52
13 36 164
13 100 219
13 73 904
13 47 612
13 98 678
13 41 10
13 46 38
13 20 735
13 81 99
13 48 739
13 80 233
13 76 990
13 95 724
13 16 572
13 17 223
13 62 237
13 72 669
13 90 902
13 99 948
13 29 446
13 32 461
13 58 78
13 35 115
13 53 594
13 64 562
13 96 70
13 30 345
13 97 661
13 39 922
13 71 119
13 70 786
13 65 211
13 42 400
13 50 545
13 45 967
13 56 353
13 94 570
13 63 422
13 67 531
13 44 396
13 51 220
13 66 558
13 34 669
13 83 184
13 21 653
13 14 299
13 15 159
13 75 188
13 19 199
13 61 756
13 84 87
13 89 217
13 85 529
13 93 352
13 59 325
13 69 369
13 33 130
13 25 66
13 27 629
13 87 786
13 55 158
13 78 696
14 40 784
14 74 825
14 36 861
14 56 634
14 50 737
14 73 207
14 46 384
14 29 257
14 66 865
14 71 228
14 84 566
14 41 562
14 79 848
14 38 337
14 58 186
14 93 619
14 88 52
14 42 544
14 45 211
14 39 854
14 59 600
14 99 490
14 44 241
14 89 271
14 78 135
14 19 452
14 72 473
14 51 775
14 63 193
14 18 964
14 31 603
14 17 179
14 81 943
14 61 451
14 83 926
14 23 761
14 53 238
14 77 667
14 69 832
14 96 766
14 20 808
14 52 498
14 60 12
14 49 448
14 54 396
14 24 56
14 86 906
14 47 969
14 100 161
14 55 901
14 25 537
14 37 461
14 91 457
14 57 96
14 43 189
14 35 20
14 98 581
14 76 544
14 48 254
14 26 784
14 34 624
14 30 349
14 95 476
14 87 47
14 90 816
14 33 701
14 82 563
14 32 792
14 27 758
14 16 54
15 63 330
15 39 9
15 22 627
15 17 369
15 41 358
15 62 194
15 84 968
15 35 474
15 57 279
15 19 979
15 76 369
15 60 830
15 29 722
15 24 17
15 44 974
15 36 152
15 49 344
15 92 141
15 61 913
15 37 216
15 31 734
15 65 729
15 43 942
15 20 984
15 99 659
15 77 107
15 53 915
15 25 746
15 94 938
15 59 217
15 64 810
15 40 290
15 32 13
15 90 483
15 42 254
15 48 668
15 91 607
15 55 348
15 87 367
15 58 501
15 68 904
15 26 669
15 73 488
15 80 595
15 96 851
15 21 640
15 98 119
15 66 14
15 100 831
15 70 42
15 46 967
15 27 766
15 28 112
15 47 968
15 88 875
15 74 477
15 51 667
15 45 792
15 50 860
15 16 748
15 89 886
15 52 745
15 95 837
15 67 843
15 71 992
15 79 748
15 97 177
15 34 886
15 54 53
15 86 434
15 85 911
15 69 569
16 31 360
16 98 994
16 44 122
16 25 800
16 61 719
16 49 143
16 50 203
16 20 950
16 56 541
16 94 757
16 26 420
16 27 346
16 70 766
16 99 879
16 55 929
16 89 659
16 18 254
16 67 863
16 97 349
16 46 811
16 35 782
16 76 782
16 60 720
16 69 925
16 87 133
16 77 626
16 84 306
16 100 73
16 23 826
16 78 220
16 90 147
16 32 371
16 63 725
16 54 263
16 86 759
16 39 110
16 83 986
16 22 97
16 28 640
16 66 331
16 93 343
16 59 58
16 21 540
16 52 599
16 43 171
16 36 803
16 74 944
16 45 288
16 41 346
16 65 818
16 58 342
16 71 658
16 48 844
16 42 845
16 38 437
16 62 75
16 64 639
16 95 719
16 29 864
16 72 108
16 96 41
16 81 925
16 79 897
16 57 62
16 68 216
16 85 62
16 17 60
16 92 743
16 19 97
16 34 447
16 88 645
16 53 193
16 82 405
16 24 277
17 22 663
17 79 934
17 60 259
17 27 281
17 57 823
17 100 812
17 81 938
17 65 628
17 48 516
17 61 287
17 89 647
17 95 182
17 75 418
17 84 459
17 18 852
17 90 96
17 32 955
17 29 688
17 41 66
17 40 19
17 28 351
17 59 728
17 38 960
17 83 586
17 39 461
17 42 621
17 47 319
17 67 846
17 63 201
17 71 788
17 88 895
17 73 643
17 93 525
17 52 988
17 98 43
17 50 194
17 20 454
17 21 773
17 33 796
17 51 843
17 49 65
17 82 665
17 68 725
17 45 732
17 92 464
17 62 864
17 37 576
17 19 528
17 78 762
17 94 918
17 46 734
17 23 225
17 26 156
17 64 775
17 66 61
17 44 279
17 72 2
17 58 922
17 96 495
17 74 975
17 30 860
17 69 465
17 91 682
17 86 869
17 76 402
17 31 479
18 24 195
18 94 290
18 22 973
18 68 242
18 51 223
18 65 613
18 55 477
18 99 596
18 67 851
18 34 154
18 45 753
18 48 640
18 93 349
18 92 549
18 90 171
18 89 646
18 32 901
18 84 379
18 38 636
18 56 329
18 53 499
18 40 528
18 59 131
18 64 795
18 36 682
18 91 970
18 46 908
18 50 34
18 30 67
18 49 176
18 72 313
18 23 868
18 96 936
18 78 146
18 47 269
18 60 845
18 63 511
18 28 167
18 25 321
18 98 116
18 100 418
18 44 258
18 20 52
18 86 293
18 76 910
18 35 167
18 21 47
18 80 988
18 58 822
18 52 190
18 75 891
18 73 371
18 37 480
18 88 350
18 43 151
18 29 297
18 87 965
18 54 15
18 97 428
18 19 914
18 61 637
18 77 802
18 26 289
18 74 817
18 95 234
18 41 285
18 27 286
18 33 327
19 36 264
19 33 266
19 42 770
19 66 611
19 41 728
19 62 306
19 20 399
19 67 483
19 68 199
19 89 357
19 88 378
19 35 445
19 27 3
19 75 681
19 50 649
19 85 899
19 25 933
19 59 128
19 98 818
19 83 207
19 86 295
19 99 38
19 60 788
19 46 341
19 53 979
19 69 601
19 31 269
19 90 40
19 39 698
19 21 227
19 70 827
19 79 904
19 34 468
19 58 495
19 92 975
19 38 665
19 32 572
19 72 718
19 81 533
19 80 842
19 87 775
19 77 373
19 63 294
19 61 591
19 73 955
19 49 647
19 93 985
19 57 638
19 45 213
19 28 893
19 82 659
19 95 567
19 56 783
19 94 466
19 23 125
19 29 792
19 47 127
19 30 69
19 96 267
19 64 896
19 65 910
19 26 663
19 55 894
19 54 871
19 37 598
20 79 301
20 51 706
20 44 370
20 38 914
20 89 166
20 97 432
20 62 178
20 63 16
20 80 868
20 47 987
20 59 956
20 43 116
20 60 727
20 37 331
20 66 521
20 76 72
20 54 187
20 27 380
20 95 816
20 81 628
20 25 875
20 100 503
20 21 992
20 29 326
20 96 752
20 26 919
20 28 606
20 72 243
20 67 372
20 93 592
20 22 290
20 94 176
20 83 975
20 36 975
20 56 740
20 57 305
20 98 120
20 70 98
20 23 906
20 35 626
20 73 355
20 74 548
20 32 709
20 24 394
20 71 863
20 82 637
20 58 814
20 84 965
20 64 213
20 55 269
20 48 994
20 87 910
20 85 643
20 45 924
20 50 186
20 69 585
20 78 909
21 53 712
21 64 746
21 26 961
21 22 905
21 25 766
21 51 43
21 58 516
21 83 89
21 49 81
21 62 894
21 36 827
21 96 434
21 50 978
21 24 119
21 45 49
21 38 658
21 97 991
21 70 334
21 98 439
21 59 248
21 31 525
21 85 613
21 71 997
21 74 662
21 90 330
21 99 910
21 40 336
21 78 338
21 56 925
21 87 930
21 76 947
21 63 160
21 52 546
21 55 405
21 44 754
21 88 355
21 91 620
21 77 676
21 86 290
21 27 383
21 94 401
21 65 502
21 39 578
21 93 788
21 81 919
21 73 781
21 68 773
21 82 100
21 61 798
21 30 328
21 23 820
21 48 347
21 67 276
21 80 302
21 92 986
21 37 119
21 28 655
21 89 738
21 60 176
21 29 824
21 43 353
21 79 446
21 95 525
21 42 174
21 57 920
21 41 823
22 58 143
22 49 588
22 93 632
22 35 86
22 33 270
22 37 976
22 53 809
22 81 554
22 34 973
22 55 917
22 76 383
22 47 854
22 73 598
22 41 705
22 27 595
22 87 928
22 63 953
22 74 638
22 95 846
22 82 592
22 31 239
22 71 969
22 65 126
22 79 744
22 29 152
22 75 316
22 38 11
22 99 629
22 86 492
22 78 236
22 83 674
22 30 956
22 68 44
22 64 587
22 54 607
22 51 961
22 52 232
22 44 7
22 98 762
22 70 64
22 97 233
22 23 117
22 59 129
22 28 628
22 50 608
22 100 14
22 60 396
22 72 720
22 57 407
22 25 106
22 45 378
22 43 106
22 69 473
22 88 690
22 89 871
22 24 281
22 61 437
22 90 991
22 62 5
22 85 136
22 96 689
22 46 623
22 32 669
22 94 671
22 80 701
22 42 45
23 37 275
23 59 470
23 68 115
23 85 64
23 63 308
23 49 743
23 55 800
23 52 716
23 83 748
23 36 121
23 32 947
23 48 628
23 78 135
23 45 400
23 74 670
23 47 292
23 79 609
23 76 648
23 54 243
23 24 907
23 100 364
23 96 78
23 82 160
23 67 791
23 72 879
23 42 59
23 95 991
23 77 282
23 84 565
23 99 516
23 58 113
23 51 666
23 26 206
23 90 807
23 92 458
23 70 693
23 57 34
23 44 760
23 65 237
23 38 120
23 28 18
23 46 130
23 40 670
23 39 957
23 98 761
23 43 876
23 60 866
23 97 996
23 69 677
23 86 729
23 61 776
23 33 170
23 66 863
23 53 751
23 94 511
23 81 811
23 87 186
23 80 974
23 62 206
23 41 38
23 89 744
23 71 962
24 57 806
24 59 89
24 65 503
24 87 24
24 44 233
24 96 461
24 88 656
24 80 203
24 26 129
24 97 499
24 27 850
24 68 108
24 74 63
24 95 186
24 60 567
24 61 568
24 34 953
24 66 529
24 38 439
24 92 989
24 49 41
24 82 657
24 76 822
24 63 166
24 28 355
24 75 545
24 79 891
24 36 328
24 39 23
24 41 976
24 56 648
24 98 23
24 48 334
24 69 724
24 53 140
24 94 337
24 78 929
24 91 58
24 25 867
24 30 222
24 37 537
24 62 93
24 50 927
24 42 883
24 84 192
24 55 691
24 90 939
24 81 63
24 40 498
24 35 491
24 51 692
24 31 927
24 77 479
24 33 549
24 99 504
24 67 237
24 70 252
24 43 827
24 100 424
24 46 497
24 29 509
24 89 153
24 32 69
25 54 603
25 100 634
25 68 490
25 61 428
25 73 828
25 43 130
25 36 115
25 41 511
25 34 596
25 86 445
25 80 873
25 32 593
25 70 800
25 84 781
25 97 816
25 66 1000
25 52 151
25 31 534
25 28 488
25 94 523
25 64 261
25 96 151
25 57 815
25 56 234
25 98 19
25 62 702
25 47 365
25 87 645
25 91 444
25 42 71
25 79 45
25 95 469
25 89 590
25 82 530
25 74 68
25 55 820
25 60 746
25 65 842
25 51 241
25 72 672
25 50 961
25 93 245
25 81 524
25 44 654
25 40 668
25 39 253
25 77 310
25 58 360
25 71 84
25 67 459
25 90 363
25 69 195
25 37 417
25 49 884
25 53 127
25 38 333
25 92 813
25 29 84
25 75 701
25 35 367
25 85 740
25 99 483
25 27 793
25 88 666
26 69 968
26 95 249
26 89 162
26 92 904
26 97 357
26 70 445
26 27 746
26 87 820
26 91 778
26 53 653
26 81 568
26 58 784
26 77 756
26 85 390
26 47 647
26 93 552
26 42 661
26 52 550
26 59 894
26 84 421
26 98 872
26 40 855
26 61 848
26 54 479
26 41 963
26 43 707
26 67 991
26 94 489
26 48 387
26 55 18
26 86 663
26 45 65
26 64 368
26 33 954
26 56 648
26 38 47
26 90 745
26 39 261
26 88 540
26 50 63
26 44 803
26 49 337
26 73 982
26 82 564
26 34 693
26 68 319
26 79 901
26 31 293
26 32 563
26 76 953
26 63 748
26 78 457
26 66 134
26 83 917
26 99 158
26 29 215
26 57 141
26 46 440
26 65 12
26 74 988
26 30 798
26 60 287
26 62 922
27 34 946
27 65 234
27 51 103
27 38 650
27 85 766
27 94 802
27 77 297
27 57 448
27 67 224
27 91 790
27 46 167
27 97 183
27 75 264
27 36 252
27 56 268
27 40 905
27 74 670
27 84 238
27 95 500
27 81 57
27 73 474
27 29 784
27 31 164
27 68 864
27 76 254
27 70 225
27 35 971
27 43 523
27 49 867
27 87 256
27 80 869
27 30 259
27 82 514
27 48 34
27 63 993
27 32 744
27 64 629
27 71 92
27 90 378
27 79 123
27 93 895
27 100 315
27 78 293
27 88 473
27 47 89
27 53 199
27 99 583
27 37 631
27 42 762
27 92 687
27 62 914
27 83 608
27 44 160
27 41 89
27 55 904
27 33 33
27 59 108
27 45 725
27 28 939
28 29 82
28 92 662
28 51 798
28 79 568
28 85 765
28 71 528
28 66 777
28 82 459
28 30 142
28 97 830
28 84 68
28 34 717
28 37 680
28 50 198
28 74 854
28 98 987
28 64 807
28 41 442
28 56 718
28 49 110
28 31 495
28 62 604
28 86 167
28 53 896
28 93 294
28 39 560
28 54 314
28 94 997
28 52 722
28 68 992
28 72 338
28 35 267
28 63 820
28 87 962
28 45 44
28 99 127
28 36 722
28 43 515
28 78 161
28 46 481
28 58 630
28 44 98
28 55 596
28 100 490
28 42 921
28 33 455
28 88 369
28 96 871
28 32 149
28 57 187
28 60 6
28 76 618
29 83 668
29 47 68
29 42 682
29 62 136
29 74 436
29 39 651
29 46 0
29 100 268
29 54 255
29 57 706
29 98 369
29 58 355
29 34 655
29 94 126
29 64 671
29 70 757
29 91 646
29 60 191
29 96 716
29 89 785
29 31 492
29 51 817
29 90 820
29 67 781
29 30 844
29 35 387
29 52 666
29 92 898
29 53 639
29 33 22
29 86 541
29 59 645
29 50 296
29 95 915
29 45 365
29 93 292
29 78 466
29 32 487
29 72 511
29 61 223
29 79 509
29 41 889
29 69 408
29 63 185
29 84 505
29 97 361
29 65 812
29 77 230
29 85 202
29 99 953
29 82 0
29 88 34
29 36 446
29 55 902
29 38 947
29 40 12
29 80 580
29 56 427
29 73 480
30 40 230
30 33 512
30 96 708
30 51 419
30 48 291
30 92 125
30 59 169
30 88 811
30 45 485
30 65 920
30 60 946
30 75 277
30 56 293
30 85 764
30 37 172
30 82 882
30 84 350
30 98 95
30 64 54
30 76 717
30 42 214
30 31 208
30 58 888
30 99 431
30 34 106
30 87 966
30 100 173
30 57 104
30 70 677
30 47 170
30 91 495
30 83 696
30 97 327
30 72 246
30 71 696
30 53 469
30 73 210
30 35 151
30 77 717
30 44 652
30 81 657
30 74 430
30 67 624
30 66 831
30 63 436
30 38 401
30 90 774
30 86 210
30 36 218
30 52 402
30 46 943
30 80 888
30 69 305
30 49 287
30 61 965
30 68 564
30 93 987
30 62 694
31 49 810
31 80 496
31 55 938
31 82 276
31 43 139
31 69 321
31 93 346
31 56 887
31 33 573
31 89 455
31 98 136
31 44 742
31 94 998
31 66 851
31 97 147
31 32 574
31 73 511
31 75 669
31 36 677
31 65 463
31 59 51
31 57 722
31 34 564
31 87 372
31 51 539
31 64 879
31 35 16
31 86 264
31 67 225
31 42 931
31 71 122
31 68 158
31 70 828
31 95 260
31 92 259
31 76 369
31 37 723
31 88 911
31 84 84
31 45 370
31 91 335
31 78 543
31 79 230
31 83 872
31 41 180
31 48 317
31 58 590
31 72 74
32 35 652
32 39 304
32 93 681
32 44 936
32 79 576
32 69 974
32 59 904
32 56 503
32 61 907
32 57 786
32 98 688
32 36 698
32 37 774
32 84 37
32 55 665
32 38 492
32 96 986
32 49 584
32 100 583
32 86 256
32 85 203
32 90 147
32 48 88
32 73 458
32 50 978
32 45 257
32 76 275
32 62 431
32 99 874
32 64 734
32 51 813
32 78 584
32 94 289
32 42 217
32 92 566
32 43 721
32 72 382
32 33 186
32 65 811
32 88 1
32 91 885
32 70 806
32 82 681
32 54 976
32 75 383
32 41 800
32 89 349
32 74 113
32 34 967
32 81 787
32 63 768
32 46 734
32 67 35
32 97 339
33 68 377
33 69 170
33 47 6
33 75 883
33 83 676
33 97 339
33 100 1
33 85 157
33 96 493
33 66 854
33 63 871
33 53 833
33 78 489
33 90 928
33 71 698
33 55 759
33 81 205
33 57 857
33 48 383
33 58 225
33 92 345
33 62 77
33 45 904
33 39 933
33 41 886
33 34 162
33 37 322
33 67 686
33 43 338
33 35 969
33 80 871
33 98 23
33 40 161
33 54 594
33 44 74
33 74 196
33 38 339
33 84 428
33 46 972
33 89 530
33 65 230
33 59 993
33 42 113
33 60 546
33 79 891
33 36 233
33 50 48
33 73 216
34 92 547
34 93 419
34 62 563
34 35 960
34 98 457
34 77 957
34 58 857
34 70 865
34 44 718
34 74 286
34 61 135
34 53 344
34 91 235
34 50 741
34 97 805
34 79 737
34 80 374
34 87 214
34 82 530
34 81 818
34 52 479
34 36 347
34 43 190
34 63 599
34 42 724
34 39 440
34 89 346
34 99 278
34 94 435
34 56 83
34 40 43
34 84 420
34 73 69
34 85 532
34 55 158
34 100 594
34 76 44
34 57 264
34 78 600
34 72 480
34 67 504
34 60 803
34 75 481
34 37 579
34 48 791
34 69 405
34 41 610
34 38 23
35 92 880
35 55 228
35 63 196
35 38 622
35 44 682
35 42 17
35 40 541
35 81 782
35 62 47
35 47 947
35 96 782
35 88 646
35 58 893
35 50 125
35 65 107
35 45 450
35 94 722
35 43 473
35 93 835
35 56 197
35 59 97
35 85 628
35 74 62
35 60 319
35 86 528
35 46 983
35 72 221
35 73 327
35 98 933
35 39 172
35 69 604
35 57 278
35 53 664
35 84 121
35 97 447
35 41 36
35 37 105
35 78 214
35 82 911
35 52 312
35 66 591
35 36 775
35 61 47
35 80 210
35 76 346
35 90 46
35 87 152
35 89 789
35 67 901
35 71 376
35 68 212
35 83 39
35 64 118
35 77 363
35 48 731
36 51 90
36 79 514
36 67 271
36 87 441
36 83 516
36 86 589
36 76 251
36 84 831
36 61 639
36 53 963
36 66 860
36 65 834
36 85 211
36 94 734
36 100 591
36 48 732
36 60 529
36 71 36
36 49 353
36 43 138
36 58 438
36 52 328
36 56 162
36 45 151
36 98 967
36 57 448
36 50 44
36 97 441
36 44 715
36 63 706
36 77 257
36 64 55
36 81 683
36 74 822
36 95 151
36 90 766
36 37 34
36 39 967
36 62 375
36 38 17
36 54 497
36 92 266
36 72 174
36 70 871
36 91 927
36 69 559
36 96 674
36 80 592
36 99 513
36 41 797
36 59 401
36 73 293
36 46 661
36 78 946
36 47 983
36 93 894
37 60 982
37 46 167
37 91 995
37 87 276
37 38 605
37 64 313
37 55 525
37 71 145
37 77 44
37 98 485
37 53 8
37 50 878
37 73 693
37 57 657
37 100 851
37 90 406
37 63 644
37 70 731
37 69 404
37 40 851
37 81 509
37 75 825
37 62 597
37 92 388
37 67 112
37 94 780
37 49 87
37 97 620
37 68 876
37 66 9
37 84 582
37 80 959
37 59 759
37 65 14
37 44 529
37 72 34
37 51 794
37 88 543
37 82 688
37 61 1
37 96 806
37 99 381
37 86 505
37 54 240
37 56 337
37 43 196
37 42 591
37 78 199
37 93 603
37 74 29
38 85 195
38 84 457
38 73 570
38 57 967
38 97 954
38 58 124
38 79 864
38 48 525
38 49 629
38 75 525
38 76 62
38 94 259
38 59 169
38 53 697
38 87 166
38 68 559
38 60 679
38 63 607
38 62 999
38 40 236
38 69 488
38 71 559
38 64 899
38 55 791
38 65 693
38 67 899
38 80 423
38 41 823
38 51 279
38 39 89
38 45 612
38 98 385
38 78 166
38 93 162
38 74 952
38 61 891
38 52 954
38 70 832
38 77 968
38 95 21
38 43 435
38 89 706
38 44 40
38 88 251
38 46 294
38 90 223
38 54 346
38 72 408
38 99 102
38 92 804
38 83 990
38 96 649
39 43 617
39 77 266
39 52 274
39 83 129
39 70 550
39 100 818
39 94 840
39 56 653
39 50 672
39 72 777
39 53 697
39 57 345
39 82 387
39 71 884
39 54 299
39 97 527
39 45 276
39 85 320
39 68 288
39 64 241
39 47 69
39 63 295
39 88 266
39 51 500
39 96 864
39 76 773
39 95 268
39 87 554
39 58 142
39 49 244
39 40 462
39 89 872
39 93 68
39 75 405
39 98 758
39 60 809
39 41 980
39 59 170
39 73 860
39 91 89
39 92 922
39 90 567
39 79 214
39 74 471
39 46 90
40 93 645
40 87 309
40 44 998
40 64 478
40 75 481
40 78 420
40 91 824
40 61 246
40 74 652
40 81 371
40 45 811
40 57 812
40 49 1
40 68 838
40 67 854
40 51 870
40 71 107
40 83 819
40 47 694
40 76 450
40 62 842
40 46 997
40 88 257
40 89 654
40 50 249
40 86 493
40 53 643
40 58 607
40 73 906
40 63 742
40 90 81
40 85 964
40 55 520
40 96 656
40 77 478
40 42 960
40 56 776
40 43 700
40 82 148
40 84 998
40 100 906
40 72 161
40 94 709
40 65 983
40 80 186
40 60 1000
40 41 720
40 52 903
41 99 531
41 62 690
41 43 32
41 78 418
41 68 219
41 96 860
41 76 721
41 70 471
41 64 712
41 67 517
41 94 857
41 63 159
41 45 612
41 77 794
41 51 519
41 84 267
41 79 36
41 97 79
41 87 15
41 72 704
41 91 146
41 83 238
41 82 844
41 48 974
41 75 244
41 73 906
41 81 538
41 65 805
41 89 667
41 53 691
41 50 157
41 80 680
41 49 271
41 55 854
41 47 183
41 88 156
41 60 304
41 90 179
41 69 539
41 71 10
41 85 740
41 66 564
41 74 636
41 52 269
41 54 321
41 61 379
41 86 133
41 92 526
41 44 847
42 48 531
42 93 198
42 100 471
42 70 635
42 44 740
42 89 448
42 49 459
42 62 845
42 58 93
42 96 185
42 77 646
42 80 931
42 53 317
42 83 846
42 79 465
42 56 262
42 84 125
42 92 367
42 51 480
42 99 656
42 85 894
42 91 277
42 61 122
42 54 832
42 94 36
42 66 251
42 59 344
42 82 976
42 50 110
42 43 970
42 52 888
42 64 370
42 97 347
42 90 766
42 71 468
42 46 617
42 74 943
42 69 382
42 76 628
42 55 183
42 86 759
42 81 635
42 98 605
42 87 207
42 60 771
42 95 244
42 72 569
42 65 882
42 57 638
42 73 567
42 88 787
43 60 687
43 99 292
43 59 588
43 71 526
43 81 87
43 64 2
43 100 515
43 45 362
43 89 673
43 80 12
43 50 568
43 62 125
43 68 764
43 47 745
43 76 100
43 70 177
43 86 899
43 55 336
43 92 909
43 74 205
43 73 113
43 53 344
43 77 536
43 66 244
43 48 10
43 90 529
43 72 675
43 79 215
43 65 281
43 69 421
43 97 814
43 93 441
43 58 229
43 75 209
43 88 203
43 84 85
43 85 905
43 95 683
43 82 574
43 67 998
43 94 19
43 52 217
43 96 610
43 57 544
43 54 410
43 78 700
44 71 60
44 50 476
44 96 262
44 97 236
44 51 703
44 87 471
44 80 44
44 56 992
44 49 730
44 64 483
44 59 0
44 46 170
44 100 349
44 62 151
44 61 981
44 77 111
44 98 124
44 45 955
44 53 627
44 99 237
44 79 319
44 55 340
44 54 355
44 88 47
44 75 778
44 47 712
44 85 960
44 58 743
44 90 22
44 60 177
44 73 185
44 68 826
44 95 905
44 72 279
44 81 832
44 93 385
44 70 35
44 83 383
44 78 639
44 74 210
44 76 644
44 91 162
44 92 645
44 57 991
44 48 66
44 66 134
44 69 376
44 84 94
45 49 820
45 65 105
45 82 170
45 72 318
45 74 354
45 50 547
45 71 907
45 98 169
45 59 811
45 61 84
45 70 304
45 77 256
45 51 128
45 92 172
45 93 853
45 80 361
45 60 110
45 54 242
45 91 588
45 55 306
45 78 759
45 63 958
45 95 902
45 85 506
45 84 563
45 68 869
45 46 269
45 48 797
45 62 401
45 79 943
45 66 553
45 87 60
45 94 989
45 69 404
45 53 399
45 90 908
45 86 634
45 64 150
45 67 656
45 47 402
45 75 909
45 100 949
45 96 787
46 86 873
46 94 170
46 92 83
46 76 217
46 96 902
46 90 431
46 79 973
46 57 672
46 85 333
46 83 364
46 88 604
46 50 659
46 47 65
46 80 790
46 87 369
46 78 546
46 63 3
46 64 227
46 98 409
46 53 399
46 77 463
46 72 339
46 56 345
46 89 705
46 73 46
46 84 188
46 58 506
46 55 111
46 68 757
46 91 755
46 99 173
46 82 884
46 48 307
46 71 144
46 95 117
46 51 850
46 66 457
46 75 147
46 100 448
46 52 638
46 97 816
46 49 996
47 88 515
47 52 971
47 57 134
47 99 395
47 71 4
47 54 295
47 86 920
47 91 767
47 49 755
47 72 58
47 77 816
47 93 100
47 100 353
47 48 423
47 56 219
47 83 368
47 58 198
47 65 934
47 80 419
47 85 230
47 50 272
47 78 340
47 97 984
47 63 417
47 82 563
47 76 847
47 61 66
47 79 392
47 84 302
47 69 900
47 96 816
47 74 509
47 66 628
47 98 587
47 90 214
47 68 325
47 62 239
47 73 927
47 87 619
47 75 624
47 64 31
47 67 303
47 59 634
47 81 1
47 92 572
48 61 645
48 56 292
48 72 963
48 69 521
48 89 309
48 55 293
48 94 438
48 59 134
48 82 61
48 77 960
48 76 382
48 97 223
48 95 966
48 63 295
48 65 616
48 74 468
48 84 928
48 100 732
48 67 373
48 83 750
48 75 749
48 91 119
48 86 578
48 66 626
48 90 217
48 51 189
48 57 247
48 53 489
48 68 762
48 80 531
48 73 778
48 93 977
48 71 997
48 88 889
48 81 890
48 99 378
48 64 550
48 49 541
48 78 925
48 85 126
48 92 764
48 52 184
48 98 843
49 51 981
49 81 498
49 86 109
49 88 483
49 64 771
49 62 890
49 100 622
49 71 708
49 85 130
49 68 197
49 80 85
49 74 423
49 56 321
49 53 709
49 55 81
49 96 219
49 92 901
49 54 324
49 94 548
49 70 506
49 97 785
49 90 453
49 50 203
49 84 909
49 99 733
49 78 695
49 73 900
49 82 295
49 98 469
49 93 942
49 75 137
49 69 293
49 95 202
49 87 404
49 89 324
49 67 595
49 72 705
49 61 906
49 91 696
49 83 377
49 57 295
49 66 82
49 79 436
49 58 567
49 59 46
49 77 208
50 77 986
50 82 502
50 57 812
50 74 300
50 55 156
50 69 648
50 58 605
50 87 868
50 65 647
50 51 799
50 59 284
50 70 842
50 100 652
50 91 329
50 89 714
50 72 37
50 90 619
50 61 913
50 63 161
50 68 290
50 52 255
50 83 986
50 76 449
50 99 396
50 98 781
50 62 182
50 85 86
50 71 937
50 93 988
50 64 226
50 79 888
50 84 796
50 67 250
50 86 392
50 92 326
50 66 810
50 80 479
50 60 421
50 94 314
50 96 126
50 53 961
50 75 765
50 95 869
50 73 491
51 91 208
51 80 253
51 66 548
51 86 241
51 64 636
51 62 869
51 92 973
51 55 787
51 69 350
51 88 287
51 63 260
51 98 670
51 84 535
51 73 714
51 53 143
51 87 887
51 90 853
51 82 194
51 59 627
51 65 493
51 81 910
51 58 934
51 74 462
51 77 39
51 72 186
51 71 32
51 76 251
51 85 14
51 79 663
51 78 518
51 57 123
51 96 832
51 70 224
51 93 449
51 56 158
51 75 349
51 97 518
51 100 630
51 68 728
51 52 379
51 67 753
52 60 160
52 92 988
52 56 0
52 69 884
52 58 738
52 71 466
52 54 202
52 96 683
52 79 242
52 70 588
52 63 480
52 64 665
52 74 212
52 90 194
52 61 720
52 77 989
52 67 81
52 85 187
52 89 544
52 57 700
52 88 780
52 72 197
52 100 16
52 53 789
52 55 489
52 68 282
52 75 647
52 66 5
52 62 522
52 84 921
52 80 21
52 86 929
52 65 46
52 99 266
52 83 703
52 93 530
52 91 645
52 87 611
53 63 212
53 99 803
53 96 683
53 95 272
53 91 319
53 78 686
53 92 268
53 90 777
53 64 496
53 54 630
53 70 940
53 86 940
53 77 42
53 57 722
53 69 956
53 93 929
53 60 104
53 59 928
53 97 201
53 58 527
53 72 77
53 80 965
53 75 748
53 83 348
53 61 213
53 74 83
53 66 367
53 65 437
53 67 679
53 79 933
53 68 829
53 88 689
53 55 721
53 85 943
53 94 1
53 89 536
53 82 365
53 87 387
53 100 824
54 73 431
54 74 216
54 71 315
54 80 633
54 98 322
54 79 19
54 55 867
54 69 933
54 91 590
54 59 30
54 67 518
54 66 304
54 70 199
54 57 464
54 63 372
54 95 673
54 56 44
54 92 47
54 97 436
54 58 670
54 93 389
54 83 781
54 64 85
54 90 52
54 72 240
54 60 174
54 96 772
54 85 41
54 99 676
54 77 741
54 75 945
54 87 322
54 89 851
54 100 285
54 88 946
54 61 395
54 65 455
54 76 821
54 68 983
54 81 422
55 91 111
55 89 672
55 96 139
55 79 754
55 62 124
55 64 891
55 68 473
55 77 646
55 87 881
55 61 679
55 84 663
55 74 531
55 97 249
55 93 199
55 69 300
55 98 185
55 99 331
55 71 734
55 78 485
55 57 127
55 73 285
55 63 109
55 95 947
55 83 462
55 82 453
55 65 926
55 85 62
55 70 749
55 80 930
55 75 791
55 72 812
55 59 383
55 100 108
55 92 933
55 58 751
55 66 158
55 81 504
55 56 197
56 80 538
56 78 823
56 96 747
56 64 348
56 68 536
56 86 155
56 60 40
56 91 289
56 63 37
56 93 570
56 87 67
56 72 177
56 84 952
56 99 854
56 95 143
56 57 831
56 73 262
56 61 347
56 85 983
56 58 288
56 94 199
56 71 938
56 83 438
56 59 430
56 97 386
56 90 391
56 77 640
56 76 430
56 74 175
56 66 307
56 100 871
56 82 551
56 67 837
56 69 497
56 88 200
56 79 667
56 81 506
56 98 23
56 89 725
57 71 623
57 90 253
57 63 361
57 72 277
57 78 922
57 88 503
57 92 400
57 89 400
57 96 524
57 97 675
57 85 766
57 99 964
57 100 350
57 79 197
57 98 843
57 69 665
57 95 966
57 64 282
57 83 448
57 93 763
57 74 465
57 75 759
57 80 523
57 77 485
57 86 128
57 62 931
57 60 477
57 58 430
57 65 628
57 76 567
57 82 352
57 67 148
58 87 642
58 97 855
58 91 999
58 82 100
58 84 164
58 60 385
58 76 61
58 74 43
58 59 980
58 63 416
58 62 13
58 86 322
58 88 730
58 81 708
58 79 83
58 64 649
58 99 189
58 94 428
58 61 946
58 96 448
58 71 490
58 83 342
58 68 79
58 65 620
58 66 327
58 75 168
58 77 300
59 89 731
59 74 536
59 92 962
59 76 805
59 68 366
59 88 960
59 67 85
59 95 161
59 60 851
59 61 544
59 99 33
59 72 370
59 80 167
59 82 72
59 81 199
59 90 428
59 64 325
59 65 215
59 83 288
59 70 48
59 93 618
59 97 292
59 79 950
59 100 971
59 85 364
59 84 463
59 98 353
59 62 87
59 71 196
60 84 589
60 61 336
60 82 823
60 89 152
60 65 27
60 70 147
60 62 808
60 95 368
60 76 760
60 78 99
60 83 962
60 72 814
60 71 106
60 93 510
60 81 971
60 79 433
60 67 341
60 86 699
60 87 829
60 88 734
60 85 849
60 97 428
60 68 794
60 73 985
60 75 657
60 64 148
60 96 446
60 63 214
60 98 44
60 100 561
60 99 649
61 83 9
61 94 574
61 88 437
61 91 274
61 90 452
61 84 276
61 99 573
61 98 276
61 77 876
61 85 969
61 74 228
61 75 785
61 73 476
61 87 193
61 92 233
61 100 403
61 78 422
61 79 49
61 71 748
61 89 150
61 65 902
61 62 382
61 96 371
61 69 58
61 63 140
61 67 597
61 81 454
61 97 146
61 95 83
61 64 203
62 93 99
62 77 557
62 96 406
62 84 859
62 75 44
62 65 620
62 67 737
62 80 19
62 83 228
62 92 403
62 72 278
62 76 692
62 70 773
62 91 762
62 98 255
62 68 245
62 81 847
62 73 439
62 82 661
62 74 829
62 86 12
62 71 779
62 95 873
62 97 289
62 100 884
62 85 346
62 79 703
62 66 261
62 99 441
62 78 603
62 90 979
62 64 890
62 89 756
63 71 639
63 76 719
63 85 680
63 70 153
63 96 966
63 87 156
63 67 374
63 66 136
63 95 627
63 75 10
63 72 667
63 74 169
63 97 781
63 93 335
63 98 352
63 77 905
63 82 68
63 69 159
63 92 839
63 94 762
63 99 144
63 64 760
63 89 904
63 68 510
63 100 544
63 80 888
63 78 300
63 84 452
63 83 131
63 79 230
63 90 995
63 86 971
63 88 842
63 91 375
63 73 792
64 76 835
64 84 610
64 79 682
64 70 617
64 85 499
64 75 507
64 81 710
64 100 896
64 78 857
64 94 128
64 86 377
64 98 313
64 67 795
64 88 369
64 95 36
64 91 316
64 74 962
64 90 597
64 72 609
64 99 490
64 83 711
64 66 459
64 82 730
64 77 163
64 89 356
64 65 496
65 82 757
65 73 810
65 89 402
65 70 395
65 83 953
65 100 174
65 96 208
65 79 812
65 86 606
65 98 199
65 68 789
65 97 880
65 80 67
65 72 404
65 71 352
65 67 229
65 81 838
65 74 155
65 85 839
65 95 491
65 66 561
65 93 165
65 84 347
65 76 453
65 91 911
66 75 762
66 69 991
66 93 961
66 85 738
66 97 98
66 82 482
66 87 568
66 96 675
66 88 133
66 74 138
66 67 499
66 77 331
66 90 237
66 79 639
66 68 465
66 80 934
66 99 856
66 71 966
66 86 671
66 83 455
66 98 912
66 95 116
66 70 100
66 94 850
67 68 953
67 94 649
67 72 423
67 73 378
67 89 837
67 74 244
67 84 512
67 99 783
67 87 68
67 83 417
67 86 556
67 91 455
67 70 679
67 69 409
67 98 477
67 76 630
67 88 596
67 81 413
67 75 57
67 100 123
67 90 276
67 92 221
67 79 916
67 97 960
67 77 927
67 82 9
67 78 755
67 71 34
67 96 292
67 93 79
67 80 950
68 85 379
68 71 234
68 72 149
68 82 300
68 99 118
68 95 285
68 97 595
68 70 386
68 94 398
68 87 715
68 77 399
68 92 251
68 98 316
68 73 955
68 76 117
68 83 967
68 86 157
68 74 391
68 84 377
68 88 424
68 91 446
68 75 101
68 93 929
68 100 215
69 76 868
69 88 84
69 77 873
69 94 328
69 95 545
69 81 493
69 96 679
69 87 568
69 78 552
69 79 448
69 74 691
69 83 48
69 80 384
69 71 262
69 99 430
69 84 909
69 100 71
69 75 202
69 92 421
69 98 498
69 90 444
69 73 465
69 89 895
69 70 920
70 71 652
70 75 761
70 86 715
70 98 137
70 96 880
70 80 406
70 94 601
70 88 187
70 79 434
70 72 870
70 90 718
70 93 658
70 91 918
70 92 914
70 78 658
70 84 565
70 100 507
70 85 346
70 82 487
70 76 861
70 77 849
70 95 1000
70 73 705
70 89 591
71 88 479
71 73 699
71 86 712
71 75 697
71 78 448
71 87 176
71 83 734
71 85 413
71 79 470
71 81 538
71 97 151
71 77 159
71 94 32
71 82 778
71 90 99
71 84 480
71 80 473
71 93 532
71 99 427
71 74 925
71 76 148
71 89 780
71 95 553
72 99 515
72 88 5
72 98 77
72 84 760
72 89 731
72 83 634
72 74 973
72 95 923
72 86 253
72 82 155
72 90 228
72 79 815
72 75 111
72 94 65
72 78 258
72 80 185
72 96 228
72 87 610
72 73 321
72 97 946
72 92 432
72 100 116
73 84 618
73 99 968
73 78 696
73 74 261
73 91 30
73 95 415
73 80 573
73 93 664
73 89 474
73 96 32
73 100 747
73 94 295
73 83 322
73 97 622
73 92 770
73 86 941
73 85 360
73 82 484
73 77 366
73 76 477
73 75 18
73 81 672
73 87 26
73 98 439
74 83 717
74 95 252
74 82 775
74 78 927
74 84 292
74 93 214
74 85 783
74 100 82
74 76 696
74 99 195
74 91 566
74 75 224
74 87 158
74 79 683
74 97 640
74 92 167
74 94 769
74 77 775
74 80 517
74 81 221
74 88 654
74 86 999
75 79 685
75 77 75
75 92 315
75 76 611
75 99 311
75 83 36
75 91 723
75 97 440
75 98 685
75 86 317
75 89 816
75 81 398
75 90 128
75 80 538
75 94 31
75 85 578
75 100 857
75 93 464
75 87 70
75 88 927
75 96 893
76 100 246
76 82 378
76 85 393
76 80 16
76 97 306
76 88 922
76 95 329
76 86 125
76 94 340
76 83 997
76 81 995
76 99 454
76 92 572
76 84 818
76 93 227
76 79 686
76 90 364
77 85 187
77 87 955
77 92 178
77 79 444
77 91 944
77 90 140
77 95 229
77 86 839
77 94 186
77 96 601
77 83 335
77 100 795
77 78 741
77 88 139
77 99 840
77 93 930
78 82 556
78 84 947
78 95 281
78 80 506
78 88 797
78 93 580
78 98 918
78 97 804
78 86 825
78 90 177
78 83 133
78 79 489
78 81 572
78 87 163
78 99 783
78 92 682
79 82 299
79 85 109
79 84 956
79 92 999
79 81 948
79 80 520
79 97 761
79 94 853
79 90 973
79 86 312
79 96 493
79 87 507
79 100 844
79 89 668
79 98 615
79 93 219
79 99 481
79 83 919
80 97 682
80 96 407
80 93 789
80 85 267
80 94 77
80 90 774
80 88 198
80 95 857
80 100 176
80 98 883
80 87 86
80 99 994
80 91 397
80 81 734
80 86 751
80 89 41
80 84 309
80 92 260
81 93 47
81 86 690
81 97 469
81 84 679
81 85 643
81 83 3
81 82 160
81 96 954
81 98 353
81 100 350
81 95 318
81 90 986
81 87 489
81 88 849
81 94 620
81 99 10
82 96 308
82 88 573
82 92 673
82 87 464
82 95 794
82 98 95
82 93 843
82 86 737
82 100 647
82 89 772
82 83 304
82 94 335
82 85 494
82 97 587
82 90 549
83 99 150
83 97 46
83 91 18
83 86 28
83 100 740
83 88 227
83 84 420
83 98 853
83 94 963
83 95 271
83 92 125
83 85 441
84 96 867
84 93 672
84 95 723
84 91 253
84 99 296
84 90 867
84 85 25
84 98 424
84 87 146
84 100 428
84 92 924
84 88 249
84 86 281
85 99 168
85 93 970
85 90 71
85 88 326
85 96 316
85 100 65
85 91 264
85 94 747
85 87 494
85 86 435
85 95 579
85 98 397
86 98 690
86 94 851
86 95 264
86 100 450
86 87 501
86 96 436
86 91 909
86 90 644
86 92 725
87 96 789
87 94 113
87 91 185
87 88 74
87 89 925
87 92 734
87 90 875
87 97 68
87 93 865
87 98 920
87 95 898
88 91 144
88 93 246
88 95 729
88 90 353
88 92 839
88 100 66
88 94 400
88 99 693
88 98 49
88 96 111
88 97 789
89 94 522
89 100 512
89 91 188
89 92 465
89 98 133
89 97 563
89 93 135
89 95 323
89 96 659
90 92 501
90 100 76
90 93 735
90 95 588
90 97 172
90 99 93
90 96 34
91 99 5
91 96 660
91 100 771
91 95 945
91 93 588
91 98 737
91 92 950
91 97 130
92 98 424
92 93 831
92 95 720
92 97 180
92 99 488
92 96 980
92 100 510
92 94 878
93 99 530
93 97 2
93 95 842
93 98 744
94 97 393
94 100 996
94 96 930
94 98 771
95 99 705
95 97 961
95 100 919
95 96 891
96 97 938
97 99 645
97 100 148
97 98 74
98 99 415
98 100 302
99 100 430
