1000
2500
1 313 47
1 212 300
1 478 67
1 367 609
1 52 768
1 741 700
1 799 916
2 808 735
2 613 823
2 155 220
2 742 678
2 377 727
2 308 276
2 392 596
2 680 750
2 725 51
3 500 137
3 628 374
3 467 564
3 917 257
3 744 818
4 735 426
4 902 304
4 447 511
4 509 780
4 441 821
4 374 57
5 774 463
5 674 973
5 292 1
5 145 454
5 627 315
6 9 232
6 20 291
7 603 391
7 73 346
8 572 877
8 148 239
8 40 608
8 45 157
9 515 822
9 840 798
9 403 705
9 957 980
9 135 729
10 912 157
11 677 483
11 117 248
11 425 633
11 388 543
11 191 448
12 802 535
12 767 902
12 438 247
13 657 414
13 620 145
13 489 673
13 342 220
13 550 247
14 424 367
14 577 556
14 342 722
15 384 416
15 877 203
15 748 458
15 19 687
15 61 640
15 787 674
16 147 475
16 955 634
17 826 864
17 894 49
17 949 605
17 602 704
18 558 500
18 947 946
18 731 871
18 427 414
18 366 921
18 474 487
18 98 544
18 949 215
19 311 261
19 720 241
19 361 937
19 266 811
20 545 770
20 625 78
20 648 984
20 534 179
20 270 800
20 639 629
21 977 406
21 460 709
21 162 49
21 499 8
21 493 753
22 330 925
22 123 542
22 595 232
22 551 909
23 216 409
23 582 777
23 222 729
23 58 800
23 761 17
24 542 997
24 357 275
25 776 729
25 310 977
25 523 4
26 84 319
26 58 52
26 164 365
26 155 236
27 837 582
27 731 999
27 968 203
27 425 814
27 362 236
27 86 466
27 248 668
28 978 274
28 585 132
28 918 678
28 872 268
28 935 113
28 223 587
29 557 761
29 84 814
29 547 678
29 997 33
29 859 513
29 979 841
29 565 307
30 826 287
30 894 737
30 451 914
30 127 10
31 239 680
31 440 165
31 169 350
31 279 833
31 116 869
31 795 576
31 37 184
31 395 471
32 816 813
33 489 132
33 50 125
33 393 268
33 87 514
33 813 247
34 873 804
34 738 911
35 360 629
35 296 786
35 606 140
35 834 493
35 55 139
36 156 456
36 113 697
36 498 215
37 855 867
37 404 158
38 707 452
38 371 178
38 565 232
38 518 146
39 203 703
39 137 668
39 761 441
39 628 178
39 771 22
39 44 17
40 847 260
40 462 493
40 564 228
40 819 98
41 959 200
41 405 517
41 324 430
42 635 10
42 790 593
42 591 390
42 67 640
42 273 344
42 373 182
43 478 784
43 542 663
43 447 761
43 538 962
43 450 592
43 452 321
43 467 584
43 159 639
43 796 197
44 45 670
44 66 475
44 531 645
44 133 260
44 614 883
44 969 47
45 583 144
45 253 182
45 210 927
46 688 941
46 253 996
46 767 798
47 663 320
47 675 839
48 272 859
48 451 120
49 500 134
49 143 565
50 620 613
50 971 432
50 401 60
51 479 390
51 439 682
52 889 291
52 551 551
52 153 277
52 994 695
52 766 67
52 332 57
52 121 799
53 874 267
53 511 487
53 350 372
53 150 730
53 571 837
53 434 193
53 689 770
53 213 431
54 689 679
54 217 578
55 926 338
55 556 951
55 220 929
56 343 325
56 425 976
56 296 998
56 400 721
57 400 693
57 946 372
57 186 910
57 127 395
58 269 946
58 403 792
58 218 492
58 821 847
58 911 398
58 992 260
59 812 319
60 806 648
60 876 229
60 460 46
60 765 58
60 344 103
61 638 976
61 782 784
61 508 765
61 503 356
61 575 543
61 510 909
62 969 764
62 353 985
62 632 713
62 607 955
63 474 443
63 787 46
63 281 26
63 104 4
63 731 997
63 475 224
64 758 439
64 769 823
64 570 795
65 308 935
65 557 61
65 656 445
65 278 748
65 803 509
66 964 438
66 133 677
66 976 491
66 846 448
66 244 87
66 181 138
67 821 990
67 336 276
67 162 588
67 811 886
68 174 800
68 321 661
68 533 505
68 216 193
68 228 30
68 330 931
68 487 410
69 949 394
69 317 748
69 110 1
69 370 569
69 75 150
69 71 975
69 582 935
69 711 239
70 266 188
70 738 255
70 451 95
71 706 873
71 526 739
71 720 150
71 323 33
72 544 378
72 668 802
72 230 744
73 495 439
73 638 476
74 914 357
74 377 547
74 779 298
74 527 619
75 646 260
75 858 6
75 761 811
77 668 664
77 159 375
78 106 635
78 551 68
78 369 493
78 275 758
78 595 981
78 110 623
78 436 102
79 842 335
79 927 581
79 197 621
79 118 743
80 512 280
80 832 462
80 857 238
80 716 131
80 286 260
80 564 133
80 822 46
80 316 873
81 299 692
81 149 369
81 110 723
81 700 410
81 572 367
81 117 541
81 880 724
81 975 517
81 808 654
82 931 7
82 262 117
82 498 929
82 130 960
82 247 639
82 852 353
83 918 910
83 647 779
83 304 996
83 634 393
83 217 515
83 144 434
83 438 930
83 573 518
83 674 302
84 307 876
84 649 66
84 902 786
84 330 416
84 765 434
84 646 982
84 133 100
84 290 98
85 110 198
85 822 216
85 747 864
85 876 929
86 753 960
86 312 630
86 95 866
86 517 282
86 190 565
87 100 589
87 779 931
87 839 645
87 616 380
87 208 767
88 125 546
88 978 823
88 499 815
88 589 725
88 478 553
89 293 972
89 145 418
89 193 404
89 858 567
89 771 757
89 251 803
89 439 779
89 796 853
90 516 518
90 822 114
91 983 597
91 980 241
91 866 238
91 663 266
91 176 234
91 187 959
91 265 76
91 195 360
91 132 621
91 256 71
91 222 265
91 954 591
92 213 838
92 868 530
92 266 178
92 787 54
93 533 424
93 431 304
93 989 255
94 920 808
94 781 38
94 831 419
94 316 618
94 138 904
94 798 333
95 779 823
95 831 591
95 509 759
95 695 606
96 796 491
96 113 133
97 167 505
97 314 225
97 165 406
98 102 643
99 460 347
99 893 378
99 976 172
100 142 257
100 998 697
100 900 411
100 834 209
100 983 960
100 721 782
100 754 587
100 578 751
101 926 40
101 962 473
101 766 830
101 219 357
101 473 52
101 854 866
102 758 958
102 260 459
102 232 112
103 636 280
103 350 553
103 169 38
103 549 351
104 932 700
104 877 449
104 396 415
104 838 407
105 137 462
105 382 776
105 606 717
106 451 730
106 144 308
106 886 327
106 926 317
106 384 721
107 376 504
107 842 703
107 609 623
107 744 276
108 973 279
108 823 993
108 670 676
108 929 834
108 780 823
109 949 943
109 980 495
109 662 309
109 878 406
109 474 599
110 184 372
111 936 788
111 205 82
111 524 529
111 114 915
112 776 768
112 249 786
112 221 604
113 183 850
113 435 189
114 832 855
114 835 163
114 721 960
114 240 647
115 847 216
115 148 535
115 526 45
115 417 783
115 540 788
115 569 405
116 641 770
116 347 756
116 727 983
116 706 188
117 281 395
117 942 926
117 822 817
117 371 584
118 240 9
118 424 992
118 554 720
118 553 495
119 506 911
119 936 291
119 978 541
119 967 955
119 534 844
119 563 523
120 558 454
120 989 977
120 550 59
120 323 137
120 188 423
121 795 304
121 444 953
121 188 266
121 274 672
121 421 216
122 670 901
122 804 362
122 826 590
122 511 680
122 731 12
122 515 362
122 967 280
123 294 31
123 148 787
123 733 393
123 216 655
123 613 987
124 689 588
124 406 190
124 341 403
124 920 365
125 770 78
125 586 605
126 817 31
126 735 91
126 478 25
127 842 893
127 854 67
127 517 147
127 366 978
128 266 936
128 913 490
129 928 223
129 566 958
129 252 943
129 144 498
130 348 349
130 813 324
130 229 101
130 769 146
130 482 112
130 975 566
130 471 765
130 749 256
130 379 251
130 969 169
130 424 535
130 468 675
131 462 344
131 403 302
131 734 55
131 328 980
131 210 703
131 735 696
132 273 306
133 935 745
133 140 820
133 677 592
133 250 332
134 593 479
134 503 718
134 187 289
134 942 651
135 598 632
135 185 733
135 491 97
135 594 354
135 704 14
135 660 396
135 782 288
135 968 958
135 357 527
136 158 597
136 746 564
136 578 470
136 816 344
137 566 555
137 789 744
137 296 566
137 479 437
138 638 53
138 830 23
138 791 904
139 633 458
139 205 384
139 592 994
139 896 728
140 285 295
141 231 6
141 563 714
141 330 433
142 940 209
142 519 175
142 914 51
142 359 706
142 458 655
142 960 357
143 473 469
144 403 248
144 434 933
144 502 358
146 250 270
146 672 475
146 364 571
146 552 191
147 923 289
147 831 592
147 300 240
148 939 751
148 667 750
148 844 302
148 321 759
148 735 48
149 351 714
149 263 787
149 604 436
150 870 146
150 525 504
150 163 838
150 482 921
150 271 712
150 387 268
150 502 584
150 379 813
151 610 803
151 775 823
151 958 465
151 771 846
151 347 487
152 278 238
152 858 862
152 889 935
153 911 791
153 582 24
153 483 486
153 188 593
154 569 531
154 641 523
155 313 976
155 581 14
155 471 705
155 813 789
155 674 229
155 499 170
156 663 168
157 819 542
157 626 407
157 732 692
157 255 174
157 523 588
157 350 356
158 943 135
158 832 103
158 588 288
159 343 126
159 206 597
159 296 344
159 601 314
159 821 417
160 246 291
160 960 524
160 349 501
160 353 844
161 179 433
161 888 11
161 579 502
161 281 188
162 662 211
162 281 7
162 371 789
162 669 144
163 753 587
163 273 293
163 743 378
164 250 343
164 229 907
164 749 979
164 538 7
164 512 968
165 763 443
165 581 171
165 677 81
165 728 929
166 198 24
166 991 587
166 563 503
167 240 892
167 517 429
167 329 634
167 697 272
167 613 677
168 218 180
168 328 289
168 878 67
169 445 231
169 894 657
169 524 474
169 879 206
169 551 155
170 174 221
170 854 250
170 685 124
170 474 986
170 709 627
171 808 956
171 772 475
171 292 819
171 675 835
171 389 945
172 437 245
172 466 154
172 617 302
173 777 852
173 590 942
173 529 291
173 539 530
173 735 125
173 382 967
175 569 434
175 493 182
175 649 743
176 594 755
176 543 737
176 311 79
176 586 48
176 178 430
176 273 49
176 406 990
177 684 438
177 998 902
177 378 659
177 479 811
177 605 997
177 676 628
178 565 188
178 664 598
178 841 978
178 957 845
178 372 591
178 634 688
178 309 726
179 561 808
179 876 717
179 939 965
180 694 524
180 881 666
180 606 281
180 720 926
180 252 872
181 954 501
181 753 537
181 345 568
181 506 922
181 309 687
181 208 82
181 284 195
182 262 915
182 622 735
182 959 445
182 783 969
182 932 528
183 307 666
183 871 401
183 899 447
183 893 66
184 371 599
184 460 237
184 555 156
184 415 572
184 872 341
184 904 935
184 256 737
184 186 397
185 509 785
186 537 100
186 816 159
186 770 302
186 1000 819
186 596 763
187 874 994
187 260 201
187 450 346
187 382 464
187 189 253
187 703 398
187 814 286
188 563 86
188 644 597
189 548 710
189 494 37
190 988 863
190 526 327
191 885 804
191 582 980
191 678 789
191 203 292
191 553 973
192 553 150
192 272 481
192 841 86
192 372 486
192 282 811
193 957 504
193 620 310
193 795 580
193 290 467
193 872 189
194 569 665
195 983 519
195 941 557
195 468 54
195 788 44
196 983 106
196 907 910
196 999 689
196 857 751
196 333 992
196 830 274
197 955 995
197 777 430
198 853 16
198 374 320
198 254 683
198 480 945
198 932 886
199 803 1
199 292 794
200 758 972
201 816 812
201 818 447
201 430 775
201 877 701
201 493 887
201 998 898
202 834 531
202 632 539
203 262 516
203 260 100
203 662 827
203 661 362
203 777 143
203 901 897
204 654 131
204 313 423
204 509 703
204 404 308
205 915 762
205 962 586
205 693 765
205 741 775
206 342 509
206 434 945
206 842 254
206 230 246
207 607 230
207 982 496
207 375 999
207 402 972
207 649 732
207 770 42
208 653 991
208 974 69
208 683 132
208 877 104
208 222 398
209 459 351
209 988 675
209 408 836
209 965 140
209 682 563
209 873 742
210 993 369
210 427 375
210 471 772
210 430 683
211 719 966
211 575 711
211 426 515
212 962 230
212 499 237
213 971 778
213 278 150
213 220 273
214 921 477
214 351 308
214 516 96
214 397 514
214 902 518
215 646 150
215 652 468
215 335 906
216 878 324
216 774 679
216 549 417
217 523 435
217 476 1
217 287 631
218 311 558
218 500 77
218 927 247
219 619 278
219 690 308
220 843 179
220 335 174
220 587 587
221 587 920
222 527 418
222 315 60
222 958 446
222 911 338
223 676 102
224 497 349
224 431 894
224 763 263
224 866 606
225 750 625
225 980 529
225 695 602
226 446 854
226 438 351
226 936 436
227 794 734
227 661 557
227 765 449
227 714 566
228 613 655
228 876 699
228 677 285
229 840 808
229 533 359
229 988 92
229 324 618
229 657 443
229 863 220
230 684 44
230 531 99
230 455 33
230 314 241
230 892 4
231 870 504
231 239 275
231 659 149
231 564 588
232 363 848
233 309 118
233 859 604
233 766 887
234 979 613
234 732 605
234 960 249
234 476 726
234 817 195
235 571 602
235 462 719
235 326 420
235 754 207
235 908 589
235 698 512
235 416 413
236 316 389
236 782 449
236 989 858
236 394 260
236 734 85
236 531 729
236 551 686
237 565 925
237 881 327
237 884 641
237 862 568
237 452 602
237 804 194
238 543 308
238 896 478
238 739 223
238 607 782
239 739 840
239 990 142
239 404 780
239 689 723
240 803 414
240 254 887
240 249 555
240 343 427
240 471 833
240 310 313
240 357 397
240 495 309
241 824 106
241 887 7
241 981 73
241 555 542
241 923 17
241 927 455
241 816 890
242 832 369
242 691 277
242 443 151
242 677 322
242 740 541
243 982 925
243 718 681
243 265 508
243 315 438
244 574 108
244 301 353
244 431 605
244 250 238
244 926 360
244 869 100
245 549 254
245 338 830
247 986 566
247 811 175
247 964 129
248 602 619
248 836 982
248 995 665
248 821 310
248 873 678
249 270 110
249 652 196
249 708 174
249 622 405
250 660 909
250 268 452
250 636 372
251 372 25
251 289 618
251 576 388
251 312 873
251 903 730
251 972 70
251 574 77
252 384 851
252 276 687
253 446 373
253 315 240
253 778 188
253 726 329
253 573 681
254 444 513
255 616 685
255 969 925
256 649 449
256 422 831
256 542 383
257 744 323
257 980 587
257 909 620
257 892 44
258 308 224
259 908 225
259 882 942
259 322 542
259 727 496
259 828 371
259 491 418
260 443 69
260 278 548
260 827 711
261 855 175
261 621 251
262 501 671
262 874 382
262 578 744
263 986 785
263 328 472
264 915 1000
265 848 137
265 630 791
265 787 527
265 939 991
265 858 830
265 748 298
265 796 708
266 433 73
266 329 93
266 678 382
266 878 909
266 809 390
267 842 467
267 727 952
267 616 809
267 567 226
268 770 798
268 728 363
268 523 99
268 693 19
268 855 204
268 454 572
269 635 415
269 559 459
269 782 95
269 843 789
270 308 743
270 931 864
271 466 839
271 410 504
271 439 541
271 941 610
271 693 710
272 558 653
273 421 114
273 562 41
274 318 903
274 399 638
274 552 851
274 849 891
275 321 535
275 324 32
275 943 331
275 660 350
275 293 242
276 567 974
276 692 900
276 566 94
276 746 39
277 451 724
277 840 646
277 687 397
278 570 31
278 948 626
278 432 207
278 515 717
278 280 822
278 584 212
279 434 883
279 378 194
280 751 250
280 686 234
280 806 177
280 795 466
281 418 759
281 421 806
281 422 164
282 416 726
282 292 945
282 628 162
282 511 368
282 484 557
282 454 166
282 852 405
282 286 159
282 958 183
283 756 359
283 676 712
283 933 145
284 563 380
285 813 817
285 523 690
286 617 530
286 479 539
286 897 659
287 637 753
287 946 910
287 415 887
287 761 756
287 764 313
288 979 120
288 959 125
289 565 200
289 867 725
289 341 714
289 683 854
289 716 130
290 802 972
290 836 556
290 844 526
290 754 26
291 766 896
291 772 726
291 854 188
291 801 810
292 854 918
292 833 454
292 547 637
292 814 183
292 958 124
292 461 178
292 418 951
293 444 684
293 790 798
293 378 829
293 883 833
293 469 185
293 550 170
293 973 155
293 926 370
294 652 608
294 526 417
295 924 843
295 986 991
295 649 666
295 496 651
295 918 793
295 613 540
296 773 441
296 321 288
296 544 80
296 628 28
296 651 457
297 350 138
297 746 612
297 962 808
297 858 768
298 405 447
298 902 307
298 569 753
299 617 215
300 795 613
300 723 575
301 774 738
301 718 687
301 753 686
301 536 664
301 376 168
302 432 130
302 617 973
303 996 330
303 312 529
303 419 79
304 780 443
305 347 976
305 746 746
305 921 792
305 906 83
305 615 751
305 471 474
306 987 993
306 606 778
306 934 160
306 894 22
306 788 116
307 869 999
307 974 312
308 355 443
308 817 425
308 425 157
309 339 380
309 650 820
309 589 292
309 636 570
309 875 482
309 421 902
310 705 446
310 548 576
311 432 768
311 561 736
311 530 286
312 390 261
312 456 784
312 587 743
312 821 971
314 412 369
314 429 641
314 496 688
314 726 343
315 815 552
316 934 733
316 505 735
316 881 313
317 649 870
317 447 788
317 389 86
317 818 801
318 956 958
318 960 190
318 901 353
318 515 507
318 740 676
319 697 651
319 761 422
319 447 408
319 840 12
319 867 995
320 877 652
320 485 145
321 600 195
321 942 706
322 896 774
322 702 686
322 376 328
322 513 738
322 866 795
322 448 726
323 579 235
323 371 774
324 426 923
324 614 438
324 460 981
324 665 768
324 705 602
325 632 983
325 470 44
325 578 348
325 341 694
325 793 448
326 748 470
327 691 695
327 423 64
327 648 76
327 672 514
327 752 307
328 914 719
328 375 783
329 458 301
329 690 770
329 796 992
330 553 230
330 516 324
330 848 874
331 880 923
332 787 484
332 480 341
332 824 100
332 847 216
332 800 825
333 707 833
333 454 991
333 596 948
333 400 257
334 751 500
334 423 691
334 796 54
334 619 724
335 379 812
335 955 628
335 869 966
336 515 962
336 774 48
336 434 419
336 446 817
336 896 439
336 513 295
337 636 329
337 602 949
337 562 430
337 463 438
338 777 438
338 560 808
339 569 324
339 780 278
339 729 718
339 688 250
339 354 939
339 883 302
340 761 436
340 606 194
341 624 259
341 767 490
341 364 162
341 520 908
342 578 546
342 550 748
343 796 152
344 963 819
344 476 784
344 957 736
345 409 851
345 717 810
345 538 821
345 953 929
345 432 937
345 362 752
346 663 25
346 494 785
346 685 997
346 719 251
346 410 382
347 431 854
347 723 794
347 577 225
347 653 93
347 626 476
348 578 604
348 848 887
348 673 211
349 551 555
349 432 765
349 627 610
349 911 424
349 748 58
350 845 477
350 515 516
350 537 135
351 869 609
352 839 556
352 976 444
352 363 152
353 399 435
353 880 680
353 486 69
354 690 623
354 703 187
354 476 105
354 755 772
354 989 364
354 640 989
354 491 602
355 1000 371
355 573 234
355 826 89
355 475 952
356 953 416
356 932 501
356 496 805
357 942 89
357 592 861
357 507 275
358 895 891
358 513 190
358 929 563
358 835 399
358 716 948
359 836 756
359 608 172
359 651 645
359 789 206
359 591 664
359 781 675
360 919 479
360 848 755
361 599 653
361 977 863
362 370 685
362 903 329
362 386 700
363 958 945
363 906 67
363 416 642
363 577 325
364 536 0
364 901 358
365 701 354
366 603 158
366 460 262
367 395 79
367 965 370
367 404 703
368 945 397
368 699 505
368 694 867
368 506 621
368 779 514
368 432 180
370 600 128
370 898 61
370 822 426
370 701 470
371 804 843
373 457 252
373 737 838
373 911 818
374 637 758
374 406 447
375 981 236
376 605 712
376 525 589
376 408 420
376 576 107
377 718 260
377 844 433
378 627 631
378 678 588
378 421 936
379 731 365
380 733 525
381 835 391
381 880 987
382 773 815
382 728 462
382 607 335
383 879 276
383 731 858
383 449 313
383 591 40
383 968 391
383 892 287
384 682 983
384 485 232
384 989 442
384 859 390
385 653 328
385 471 818
385 449 361
386 846 932
386 688 363
387 594 644
387 710 968
387 572 916
387 549 297
387 854 180
387 962 470
387 654 635
387 770 120
388 431 928
388 905 294
388 863 683
388 876 396
389 413 480
389 842 340
390 428 846
390 425 162
391 927 520
391 590 186
391 958 426
391 462 440
391 956 100
392 608 741
392 948 936
392 932 779
392 561 439
393 928 558
393 630 963
394 987 756
394 925 668
394 991 350
394 413 519
394 589 323
394 635 375
394 762 703
394 684 287
395 648 518
395 943 67
395 839 369
396 946 263
397 672 593
397 775 913
397 634 970
397 971 712
397 423 595
398 569 714
398 914 411
398 862 827
399 650 445
399 709 858
399 413 6
400 876 738
400 963 700
400 669 219
401 721 219
401 714 147
401 584 565
402 483 83
402 829 730
402 777 10
402 950 643
403 500 437
403 855 846
404 541 633
404 534 440
404 979 796
404 579 820
405 678 210
406 821 190
406 830 585
406 841 513
406 533 646
406 862 276
406 849 274
406 811 656
406 984 661
407 481 198
407 655 348
407 442 657
408 704 593
409 571 846
410 684 607
411 729 575
411 740 44
411 716 160
411 474 771
411 558 287
411 633 920
411 743 539
412 671 291
412 878 161
412 621 363
412 840 321
412 636 696
412 779 459
413 679 338
413 849 204
413 911 182
413 472 178
413 728 580
414 962 274
414 667 872
414 825 955
414 873 448
415 978 212
415 895 456
415 503 817
415 624 848
416 595 883
416 765 793
416 849 420
416 744 717
416 939 748
416 902 431
417 587 512
417 643 928
417 917 871
418 632 683
418 776 913
418 626 36
419 823 891
419 875 510
419 894 474
420 506 93
421 909 533
421 945 496
421 932 588
421 707 935
421 825 255
422 792 592
422 737 388
423 906 387
423 977 251
423 653 592
423 731 6
423 832 320
424 585 652
425 765 206
425 493 619
426 692 756
426 769 623
426 498 926
426 609 886
427 448 411
427 538 412
427 705 597
427 692 315
427 628 414
428 774 217
428 430 371
429 767 82
429 694 211
429 437 774
429 678 844
430 532 781
430 851 246
430 441 698
430 802 136
430 475 559
430 947 100
431 495 468
431 833 185
431 441 831
431 952 876
431 787 645
432 879 669
432 783 78
432 736 866
432 537 941
432 919 211
432 995 156
433 782 28
433 924 413
434 438 790
434 513 936
435 687 272
435 802 793
436 549 225
436 440 612
436 598 821
436 501 741
436 898 254
436 676 720
437 722 628
438 836 427
438 795 112
438 566 450
438 999 185
439 834 853
439 447 66
440 704 778
440 576 88
441 868 889
441 880 608
441 516 887
441 731 263
442 448 371
442 882 408
442 513 951
442 669 684
443 629 983
444 884 859
444 667 589
444 661 472
445 745 502
446 514 632
447 562 412
447 933 308
448 546 97
448 715 891
449 726 449
449 783 825
449 828 118
449 849 49
450 516 173
450 904 672
450 538 57
451 456 679
451 498 883
452 993 657
452 676 114
452 854 402
452 585 701
452 818 593
452 787 666
453 602 438
453 782 107
453 540 707
453 717 13
454 765 52
454 494 526
454 527 79
454 668 877
454 967 3
454 776 365
455 491 883
455 474 228
455 750 990
456 709 275
456 884 780
456 676 264
456 858 400
457 864 875
457 911 903
458 791 610
458 802 926
458 986 508
460 761 107
461 958 731
462 896 615
462 810 661
463 809 440
463 632 553
463 636 167
464 786 760
464 974 435
464 596 171
465 666 795
465 747 922
466 639 130
466 638 993
467 865 65
467 890 932
467 666 504
467 973 181
468 615 772
468 849 766
468 840 943
468 817 177
468 887 408
468 768 993
468 498 618
469 604 163
469 833 255
469 904 993
470 721 60
470 865 982
470 953 190
471 711 18
471 751 304
471 839 415
471 719 98
472 596 309
472 799 471
472 504 425
473 554 606
473 770 697
473 654 224
473 786 210
474 988 212
474 974 171
475 543 669
475 937 748
476 560 937
476 840 999
476 871 661
477 680 301
478 558 296
478 968 544
479 919 258
479 736 946
480 700 145
480 891 120
481 729 813
481 685 119
481 948 88
482 765 53
483 994 439
483 954 797
484 879 249
484 936 871
484 802 614
484 984 585
485 830 52
485 652 883
486 971 495
486 540 425
486 993 400
486 729 114
486 509 141
488 726 444
488 962 575
488 520 380
488 692 583
488 665 900
488 746 782
489 853 400
489 820 523
489 578 1000
490 516 674
490 866 423
490 903 151
490 743 423
491 598 714
491 714 17
491 929 134
491 597 474
493 797 8
493 725 73
494 727 307
495 910 866
495 577 578
496 953 967
496 944 269
498 592 905
498 820 95
499 868 513
499 914 320
500 671 90
500 550 553
501 775 925
501 990 478
501 548 853
502 948 585
502 835 791
502 916 563
502 659 467
503 896 845
503 986 511
503 684 354
503 974 383
503 840 702
504 761 964
504 894 205
504 929 986
505 985 686
505 802 410
505 726 813
505 885 62
506 680 613
508 891 626
508 643 353
508 749 71
509 518 469
509 652 938
509 977 339
511 945 997
511 521 48
512 548 812
512 783 782
512 758 799
513 806 1000
513 713 185
514 826 200
514 728 911
514 706 140
515 659 157
515 675 491
515 643 541
515 818 730
516 613 460
516 753 3
518 938 678
519 822 429
520 810 349
520 905 54
520 594 427
521 959 229
522 829 690
522 926 118
522 738 584
523 984 791
523 751 364
523 651 856
524 734 101
524 973 18
525 676 723
526 686 141
527 534 987
527 580 800
528 785 115
528 780 658
528 794 266
530 988 157
530 686 30
530 707 1
530 854 60
531 734 204
531 697 276
531 944 185
532 958 12
532 694 414
533 613 401
533 853 388
533 774 60
534 704 330
534 989 697
534 948 622
534 868 337
535 813 661
535 544 863
535 634 915
537 767 411
537 876 491
537 925 616
538 989 647
538 617 485
538 969 563
538 704 971
539 799 860
539 712 64
539 579 71
540 884 931
540 586 54
540 660 122
541 543 138
542 902 162
542 958 330
543 966 61
543 777 769
544 811 188
544 726 176
545 681 928
545 710 437
546 879 321
546 939 616
546 561 540
546 811 524
547 833 357
548 912 119
548 633 464
548 697 782
549 827 20
549 731 302
550 599 561
550 1000 724
550 872 85
552 995 195
552 750 915
552 879 82
552 579 947
553 839 81
554 779 844
555 837 705
556 870 376
556 975 451
557 784 785
558 871 495
558 982 906
558 900 141
558 793 318
559 977 262
559 571 770
560 744 122
560 909 467
561 770 999
561 985 756
561 675 836
562 789 607
562 703 771
562 848 578
562 712 966
562 627 885
563 592 83
563 682 143
563 572 628
564 706 546
564 962 394
564 616 824
565 752 967
565 709 392
565 617 495
566 771 932
567 868 982
568 644 460
569 636 466
569 650 428
570 700 966
570 738 44
570 962 559
570 884 943
570 646 696
570 941 150
571 691 524
571 816 262
571 651 902
572 596 185
572 778 504
572 760 684
573 675 422
574 774 562
574 948 160
574 992 64
575 890 515
575 669 994
575 876 838
576 730 953
577 808 713
577 981 503
577 647 511
578 974 572
578 739 996
578 741 719
579 677 39
579 799 249
580 869 153
580 639 686
580 703 321
580 714 864
582 626 247
583 753 580
583 994 464
585 603 256
585 854 568
586 768 392
587 845 507
588 868 733
588 801 100
589 598 355
590 614 139
590 667 226
591 980 894
592 870 13
592 698 503
593 839 752
593 849 625
593 831 440
595 937 501
596 869 529
596 813 83
596 993 800
596 908 265
598 697 936
598 655 903
598 880 168
598 760 335
598 899 155
599 928 225
599 645 590
599 985 490
600 760 246
600 975 697
601 681 430
601 761 809
601 921 757
601 673 994
601 857 56
602 847 207
603 906 596
603 921 44
603 967 701
603 810 238
604 667 209
605 760 79
605 830 407
606 736 269
606 731 383
609 712 515
609 894 812
610 935 104
611 785 101
611 948 833
611 974 299
612 842 816
612 917 617
614 971 793
615 1000 588
615 836 800
615 831 739
615 629 248
615 902 937
616 769 575
616 824 422
616 726 540
617 842 11
618 803 590
620 786 445
620 623 404
621 737 467
621 968 710
621 936 95
623 643 698
623 980 894
624 921 892
624 632 955
624 956 672
626 802 585
626 628 749
627 648 779
629 783 267
629 963 352
630 816 177
630 884 270
632 848 66
633 881 636
633 765 770
634 719 882
634 691 100
635 743 107
635 717 716
635 684 569
635 950 522
636 673 38
636 807 783
636 762 820
636 876 312
637 646 564
638 920 297
638 685 252
638 644 411
638 844 141
638 898 293
639 898 296
639 713 552
639 916 897
640 758 440
640 967 798
641 965 797
644 780 427
644 719 606
644 905 932
644 779 578
645 669 895
645 820 998
645 785 196
645 824 627
646 888 69
647 919 732
647 857 717
649 983 946
649 907 579
650 857 521
650 810 268
650 668 763
650 717 657
651 899 917
652 974 903
653 654 204
653 906 443
653 894 99
654 690 376
655 671 925
655 807 943
655 765 724
655 721 170
656 903 156
656 669 702
657 799 31
657 847 735
658 696 280
658 905 567
658 923 149
658 762 399
659 835 895
660 939 249
660 744 340
661 676 360
661 807 975
661 827 10
662 845 990
662 895 150
663 694 309
664 950 476
664 754 452
664 723 175
665 896 401
666 987 545
667 801 86
668 932 470
668 723 503
669 729 907
669 943 942
669 991 71
670 697 170
671 774 195
671 802 710
672 794 423
672 988 696
672 929 296
672 852 442
673 818 826
673 755 690
673 768 289
674 757 181
674 918 675
674 751 401
675 829 201
677 682 105
677 704 825
677 942 991
680 824 841
682 770 900
683 824 980
685 810 441
686 847 763
686 864 616
686 819 626
688 998 785
688 793 523
688 863 906
689 781 149
690 927 729
690 718 729
691 704 429
691 961 587
691 957 983
691 830 726
692 844 284
694 878 969
695 853 620
695 943 236
695 699 173
697 907 395
697 765 553
697 842 7
698 763 853
698 839 999
698 900 423
699 700 860
699 759 778
700 732 732
700 814 819
701 996 591
701 729 954
701 706 105
701 987 913
701 935 653
702 794 783
702 787 408
703 934 969
704 739 908
705 947 328
705 981 709
708 882 827
710 933 308
711 831 893
712 785 249
712 926 429
712 726 402
714 878 805
715 999 427
716 803 309
716 825 301
717 869 564
719 858 66
721 768 296
722 954 287
722 876 432
723 750 209
724 857 402
724 765 216
725 770 886
725 1000 855
725 884 634
727 791 126
727 743 986
728 976 455
729 977 287
729 964 537
730 949 339
730 830 213
730 910 517
731 917 538
731 930 950
732 761 95
732 979 405
733 738 280
733 976 732
734 781 566
735 822 846
736 748 113
739 887 138
739 978 267
739 875 957
740 987 897
740 749 77
740 946 157
741 903 748
741 837 662
742 774 494
744 869 730
744 901 657
744 878 831
745 991 704
746 886 654
746 805 603
746 966 930
746 844 179
747 894 352
747 803 98
749 807 514
749 986 199
750 763 476
751 924 50
751 979 753
751 932 322
752 795 697
752 924 774
753 995 644
753 837 715
753 882 486
753 923 730
755 805 434
755 982 762
756 988 176
757 776 664
757 915 369
758 827 243
760 784 545
761 969 373
764 841 372
765 996 540
765 969 486
767 974 241
768 917 681
769 920 120
769 982 968
770 797 134
774 909 632
774 862 170
774 927 725
775 827 367
775 788 251
776 843 8
776 878 982
777 870 333
781 843 101
782 995 929
783 805 711
784 973 288
785 823 208
786 879 463
786 787 888
786 826 138
786 799 741
789 959 40
790 934 344
791 969 469
791 908 736
791 986 759
792 998 72
792 797 684
793 935 117
794 867 679
798 951 452
798 898 895
799 826 226
799 803 852
800 975 762
800 801 88
800 933 78
803 841 594
803 894 742
803 924 41
803 851 799
803 847 605
803 952 666
807 939 933
808 977 171
810 864 992
810 999 908
812 815 723
814 962 859
815 873 490
815 903 305
821 993 608
822 843 498
823 868 813
823 965 860
824 880 563
826 975 757
828 907 692
830 896 638
831 918 419
832 944 899
834 869 856
835 863 541
837 906 953
837 950 782
838 879 400
838 875 957
838 983 994
839 996 629
843 900 746
843 905 649
844 907 686
844 937 744
844 963 151
845 983 999
847 883 602
853 946 844
853 961 841
855 920 846
857 916 138
858 905 854
861 943 485
863 933 738
864 980 454
869 977 553
872 975 826
875 956 523
876 988 987
876 970 282
876 928 732
877 919 848
878 885 114
878 920 170
880 979 164
881 919 134
883 904 150
884 915 710
884 999 283
884 943 353
884 889 451
884 950 128
886 939 301
887 980 556
888 988 246
888 970 889
890 958 625
891 987 905
892 899 883
897 976 743
899 913 987
908 915 67
909 952 869
911 930 808
912 929 400
912 962 950
920 996 402
921 996 829
924 978 290
925 933 969
931 977 735
949 984 499
950 965 276
955 960 868
956 979 792
956 999 9
957 1000 115
967 979 529
972 981 521
973 995 512
979 992 771
983 994 512
