100
4500
1 79 747
1 77 610
1 11 112
1 42 421
1 29 801
1 21 675
1 91 863
1 67 324
1 97 330
1 75 5
1 83 899
1 16 953
1 47 441
1 74 405
1 88 390
1 10 238
1 57 448
1 28 619
1 43 669
1 12 725
1 85 920
1 3 820
1 51 678
1 62 579
1 55 452
1 31 104
1 66 467
1 45 664
1 81 624
1 32 755
1 61 624
1 2 496
1 23 379
1 46 62
1 80 285
1 22 144
1 30 380
1 60 593
1 78 424
1 69 468
1 13 585
1 76 984
1 94 6
1 54 537
1 7 555
1 18 961
1 34 980
1 19 131
1 49 684
1 5 995
1 100 776
1 99 177
1 40 417
1 89 344
1 20 113
1 38 484
1 17 915
1 48 637
1 6 718
1 4 834
1 9 52
1 27 567
1 65 89
1 93 990
1 37 895
1 59 786
1 96 677
1 25 778
1 52 657
1 36 929
1 56 909
1 90 477
1 92 366
1 64 550
1 72 594
1 8 618
1 41 455
1 58 435
1 35 212
1 14 396
1 87 990
1 53 700
1 63 257
1 98 444
1 39 493
1 84 366
1 44 870
1 70 558
1 95 572
2 9 827
2 94 948
2 65 599
2 78 436
2 74 1
2 91 340
2 86 630
2 80 921
2 27 914
2 38 698
2 73 694
2 66 502
2 72 39
2 90 254
2 8 812
2 5 231
2 82 102
2 95 404
2 83 646
2 11 783
2 59 482
2 85 811
2 56 792
2 45 454
2 42 810
2 33 886
2 70 866
2 58 884
2 64 214
2 39 520
2 41 772
2 21 794
2 98 230
2 44 533
2 22 531
2 57 740
2 30 328
2 50 61
2 47 209
2 62 496
2 43 247
2 79 778
2 32 574
2 24 600
2 46 822
2 76 567
2 63 447
2 96 96
2 92 761
2 15 357
2 3 682
2 19 776
2 61 218
2 10 156
2 7 677
2 93 817
2 26 156
2 88 808
2 68 363
2 67 330
2 31 853
2 97 36
2 51 543
2 18 64
2 13 746
2 37 586
2 60 620
2 34 956
2 48 496
2 4 213
2 77 73
2 28 282
2 81 586
2 53 532
2 17 782
2 6 823
2 14 597
2 54 616
2 20 194
2 29 626
2 23 555
2 87 233
2 100 416
2 12 571
2 69 58
2 75 577
2 55 544
2 40 36
2 36 839
2 99 898
3 82 601
3 49 19
3 57 504
3 81 570
3 13 390
3 88 665
3 45 775
3 46 689
3 100 340
3 59 980
3 91 557
3 90 500
3 60 81
3 89 895
3 38 121
3 83 604
3 37 150
3 8 635
3 56 652
3 61 989
3 40 364
3 96 942
3 6 724
3 23 871
3 30 925
3 70 621
3 5 426
3 63 954
3 95 381
3 84 686
3 54 647
3 65 665
3 98 528
3 74 131
3 50 772
3 76 383
3 33 499
3 55 356
3 4 236
3 18 637
3 86 320
3 39 237
3 22 158
3 15 301
3 87 207
3 79 322
3 58 584
3 14 508
3 43 492
3 7 308
3 31 348
3 52 185
3 51 670
3 26 660
3 80 523
3 9 823
3 42 971
3 78 786
3 20 136
3 94 429
3 35 352
3 99 305
3 75 463
3 25 703
3 77 450
3 93 191
3 36 545
3 29 788
3 27 533
3 17 631
3 47 674
3 12 578
3 16 266
3 85 811
3 19 856
3 53 596
3 69 231
3 72 759
3 73 422
3 44 241
3 41 833
3 21 660
3 64 482
3 62 110
3 66 82
3 28 250
3 97 779
3 67 17
3 10 252
3 34 942
4 14 264
4 20 121
4 86 685
4 74 457
4 42 526
4 100 658
4 53 393
4 22 945
4 48 687
4 16 265
4 23 799
4 25 778
4 6 456
4 43 204
4 87 895
4 50 526
4 77 536
4 88 71
4 85 231
4 5 412
4 24 163
4 75 78
4 15 509
4 35 776
4 57 848
4 10 827
4 69 383
4 37 39
4 33 121
4 51 387
4 27 698
4 64 117
4 62 601
4 82 405
4 13 75
4 83 726
4 60 57
4 59 283
4 29 218
4 46 199
4 9 440
4 55 716
4 52 476
4 63 576
4 58 488
4 31 699
4 17 92
4 7 172
4 68 956
4 41 539
4 47 33
4 65 990
4 32 602
4 78 862
4 54 943
4 94 739
4 96 292
4 90 135
4 70 797
4 30 208
4 98 643
4 95 905
4 73 599
4 84 409
4 21 784
4 71 811
4 66 549
4 45 884
4 26 585
4 39 75
4 36 82
4 49 463
4 92 685
4 79 687
4 97 282
4 28 338
4 72 230
4 80 199
4 56 842
4 40 248
4 8 553
4 18 212
4 81 228
4 61 967
4 44 404
5 70 774
5 82 301
5 30 849
5 27 965
5 11 554
5 52 185
5 59 399
5 92 924
5 48 455
5 90 281
5 42 441
5 73 396
5 47 876
5 24 769
5 67 467
5 18 22
5 9 906
5 86 286
5 44 131
5 10 778
5 75 622
5 20 767
5 28 738
5 53 980
5 39 695
5 37 685
5 79 183
5 57 62
5 87 695
5 32 851
5 17 640
5 49 734
5 26 744
5 16 714
5 15 715
5 46 106
5 23 724
5 29 117
5 54 585
5 19 284
5 77 349
5 56 986
5 85 209
5 7 233
5 68 783
5 12 926
5 31 923
5 50 12
5 93 903
5 72 413
5 8 923
5 34 988
5 51 673
5 96 660
5 89 943
5 99 879
5 66 162
5 14 265
5 97 438
5 13 860
5 76 9
5 25 760
5 36 323
5 69 408
5 81 629
5 43 798
5 98 726
5 33 92
5 63 67
5 55 80
5 22 928
5 65 835
5 40 429
5 41 860
5 100 348
5 21 541
5 38 662
5 80 18
5 71 48
5 94 97
5 6 593
5 61 510
5 58 637
5 83 572
5 95 482
5 35 905
5 78 233
5 60 938
5 88 228
5 45 877
6 95 390
6 80 843
6 53 467
6 64 617
6 66 849
6 77 79
6 15 798
6 20 976
6 26 716
6 39 70
6 78 929
6 10 647
6 52 644
6 33 399
6 94 950
6 72 445
6 87 909
6 79 848
6 12 192
6 19 471
6 24 300
6 59 59
6 54 142
6 34 285
6 70 816
6 84 88
6 32 514
6 99 788
6 40 617
6 89 544
6 37 316
6 73 741
6 92 563
6 74 617
6 36 524
6 85 376
6 81 234
6 31 918
6 98 208
6 61 281
6 44 289
6 41 56
6 8 3
6 22 114
6 14 963
6 23 251
6 67 226
6 48 815
6 30 619
6 28 677
6 29 728
6 86 541
6 76 401
6 35 182
6 68 743
6 17 773
6 93 617
6 90 183
6 16 9
6 60 308
6 91 874
6 65 27
6 13 277
6 88 849
6 82 641
6 83 248
6 97 674
6 9 185
6 50 337
6 96 673
6 38 818
6 55 902
6 11 913
6 57 127
6 42 352
6 7 816
6 25 320
6 56 938
6 27 785
6 51 749
6 75 168
6 62 33
6 69 996
6 100 113
6 21 530
6 63 280
7 99 410
7 77 259
7 73 973
7 62 672
7 70 521
7 14 253
7 32 62
7 93 644
7 26 73
7 56 970
7 100 549
7 9 181
7 92 376
7 23 139
7 36 858
7 15 932
7 90 500
7 68 945
7 42 815
7 30 717
7 21 225
7 33 760
7 55 270
7 91 244
7 45 657
7 8 734
7 43 415
7 94 183
7 98 593
7 81 573
7 11 589
7 89 673
7 84 245
7 96 780
7 69 266
7 86 257
7 37 607
7 87 143
7 59 512
7 22 215
7 61 764
7 85 118
7 18 8
7 58 909
7 39 204
7 80 276
7 31 861
7 48 279
7 71 414
7 10 803
7 20 125
7 25 106
7 97 395
7 67 669
7 57 391
7 28 130
7 88 873
7 60 727
7 44 136
7 46 816
7 52 746
7 29 758
7 65 774
7 64 305
7 82 460
7 63 650
7 72 617
7 40 155
7 75 202
7 47 752
7 79 446
7 17 379
7 66 939
7 16 776
7 78 141
7 12 126
7 76 915
7 51 621
7 24 56
7 50 578
7 74 843
7 13 76
7 27 151
7 83 39
7 53 638
7 34 60
7 41 367
8 65 841
8 51 130
8 87 760
8 37 173
8 28 137
8 69 359
8 46 197
8 96 39
8 84 909
8 63 811
8 59 887
8 64 998
8 43 598
8 25 730
8 83 249
8 73 717
8 15 874
8 54 736
8 17 511
8 75 191
8 76 570
8 70 567
8 71 497
8 9 292
8 35 803
8 48 900
8 32 249
8 53 224
8 85 674
8 24 52
8 52 571
8 93 21
8 33 802
8 30 408
8 47 627
8 23 465
8 67 154
8 29 912
8 38 897
8 55 728
8 45 824
8 41 982
8 97 361
8 80 500
8 50 290
8 61 880
8 74 145
8 19 23
8 88 961
8 26 750
8 11 633
8 92 474
8 60 277
8 82 843
8 95 292
8 98 23
8 31 156
8 57 502
8 22 437
8 10 272
8 72 297
8 90 181
8 20 416
8 100 813
8 68 240
8 14 316
8 42 524
8 34 642
8 91 453
8 12 631
8 49 615
8 62 72
8 81 136
8 40 109
8 56 891
8 27 580
8 13 71
8 18 515
8 99 924
8 66 464
8 94 755
8 89 98
9 58 681
9 75 845
9 51 445
9 35 701
9 49 756
9 55 532
9 29 105
9 100 489
9 86 597
9 80 394
9 13 252
9 12 417
9 21 399
9 46 41
9 20 879
9 90 963
9 32 105
9 79 483
9 63 367
9 16 314
9 36 816
9 76 899
9 64 166
9 41 714
9 30 716
9 15 328
9 31 415
9 24 507
9 22 566
9 82 652
9 54 197
9 34 864
9 28 488
9 85 448
9 14 458
9 94 617
9 39 37
9 98 930
9 17 75
9 37 43
9 61 868
9 53 629
9 42 859
9 59 424
9 38 57
9 10 856
9 48 1000
9 44 982
9 72 664
9 11 424
9 96 736
9 99 225
9 89 638
9 92 677
9 25 552
9 50 231
9 33 473
9 27 169
9 97 50
9 66 986
9 87 394
9 62 676
9 95 163
9 83 457
9 52 725
9 67 941
9 23 733
9 56 20
9 68 111
9 93 752
9 88 472
9 74 252
9 65 318
9 19 789
9 69 915
9 45 43
9 18 485
10 48 589
10 25 329
10 83 261
10 45 365
10 88 504
10 37 986
10 59 474
10 47 528
10 73 41
10 89 469
10 74 934
10 94 366
10 55 125
10 27 820
10 53 170
10 95 311
10 16 557
10 86 764
10 72 103
10 51 55
10 67 619
10 96 660
10 39 115
10 60 669
10 12 697
10 31 410
10 50 177
10 28 59
10 91 911
10 90 362
10 33 471
10 58 65
10 49 271
10 26 549
10 93 725
10 69 649
10 11 136
10 71 668
10 21 258
10 80 128
10 64 510
10 65 258
10 98 405
10 92 102
10 78 43
10 100 547
10 19 562
10 82 222
10 29 468
10 81 912
10 20 481
10 77 859
10 36 28
10 57 578
10 24 335
10 32 512
10 52 795
10 15 177
10 41 119
10 35 741
10 30 877
10 22 932
10 17 146
10 61 824
10 62 568
10 54 881
10 75 787
10 87 168
10 68 235
10 63 619
10 44 845
10 18 576
10 40 9
10 84 575
10 85 176
10 34 450
10 23 804
10 38 805
10 79 534
10 56 706
10 13 838
10 97 13
10 43 484
10 14 851
11 40 439
11 93 71
11 24 480
11 22 355
11 99 569
11 29 770
11 95 141
11 49 87
11 37 366
11 77 816
11 70 814
11 56 542
11 63 16
11 91 540
11 64 48
11 84 738
11 23 223
11 36 789
11 17 333
11 81 6
11 15 403
11 33 91
11 34 611
11 90 480
11 52 295
11 21 585
11 59 994
11 69 253
11 38 401
11 76 231
11 89 144
11 73 145
11 41 243
11 96 834
11 26 498
11 54 332
11 57 403
11 61 867
11 27 927
11 82 520
11 50 622
11 31 436
11 79 523
11 92 512
11 55 740
11 88 849
11 100 175
11 75 305
11 35 958
11 53 35
11 16 505
11 87 66
11 94 199
11 67 897
11 98 403
11 71 565
11 47 570
11 13 591
11 51 420
11 28 977
11 18 609
11 14 669
11 78 329
11 39 937
11 58 716
11 32 605
11 65 233
11 83 613
11 48 409
11 43 433
11 45 18
11 44 854
11 68 557
11 30 400
11 46 494
11 25 112
11 12 87
11 60 132
11 80 964
11 42 810
11 62 503
11 74 744
11 85 411
12 43 775
12 75 428
12 94 774
12 72 938
12 38 574
12 69 731
12 62 407
12 20 411
12 90 989
12 46 966
12 23 145
12 14 838
12 30 802
12 92 843
12 41 432
12 76 173
12 65 375
12 86 765
12 93 280
12 70 375
12 40 946
12 78 488
12 45 537
12 99 197
12 85 850
12 31 104
12 91 857
12 26 528
12 22 773
12 33 496
12 35 898
12 51 991
12 77 365
12 84 462
12 53 482
12 89 458
12 64 471
12 13 286
12 47 760
12 49 178
12 36 726
12 57 920
12 44 143
12 63 608
12 96 204
12 39 942
12 37 173
12 87 72
12 58 821
12 100 735
12 34 506
12 74 178
12 19 576
12 48 246
12 95 780
12 52 325
12 21 550
12 97 115
12 55 835
12 50 814
12 98 596
12 88 615
12 16 398
12 79 790
12 18 183
12 61 166
12 59 881
12 82 604
12 54 464
12 24 880
12 60 613
12 66 35
12 81 555
12 83 938
12 28 582
12 15 460
12 32 821
12 80 656
12 71 168
13 46 486
13 39 658
13 57 862
13 15 739
13 54 544
13 78 922
13 23 245
13 47 599
13 44 30
13 87 983
13 43 290
13 73 499
13 63 552
13 25 200
13 70 956
13 71 665
13 72 735
13 53 22
13 20 571
13 75 358
13 93 541
13 51 510
13 76 489
13 18 962
13 91 312
13 59 391
13 35 864
13 84 215
13 68 431
13 26 432
13 36 766
13 85 988
13 17 352
13 82 75
13 69 85
13 81 931
13 40 341
13 100 512
13 80 380
13 90 161
13 29 1
13 89 596
13 16 647
13 62 472
13 41 208
13 58 542
13 24 767
13 96 704
13 33 370
13 32 407
13 88 110
13 66 421
13 42 383
13 34 219
13 98 683
13 38 43
13 77 858
13 86 672
13 97 718
13 52 558
13 79 591
13 21 944
13 61 307
13 74 872
13 64 747
13 55 823
13 48 656
13 19 508
13 50 927
13 83 303
13 30 79
13 45 978
13 60 948
13 31 827
13 37 782
13 14 158
13 27 983
13 67 963
13 95 559
14 54 229
14 56 928
14 71 601
14 65 696
14 37 489
14 73 751
14 59 71
14 22 932
14 78 948
14 90 178
14 25 330
14 27 232
14 41 457
14 61 686
14 67 341
14 79 986
14 57 770
14 60 644
14 23 224
14 80 982
14 62 321
14 15 143
14 89 631
14 30 949
14 83 104
14 39 56
14 35 912
14 70 939
14 66 236
14 88 715
14 36 274
14 55 813
14 99 848
14 96 583
14 18 395
14 48 847
14 77 123
14 82 777
14 51 145
14 64 798
14 46 284
14 53 635
14 86 9
14 95 59
14 92 700
14 45 94
14 81 436
14 93 187
14 42 438
14 47 96
14 29 499
14 33 178
14 76 617
14 19 56
14 34 673
14 97 130
14 68 215
14 16 326
14 87 41
14 17 694
14 94 644
14 50 490
14 58 183
14 52 783
14 85 880
14 49 245
14 31 132
14 100 578
14 38 524
14 40 975
14 44 113
14 21 403
14 32 355
14 20 366
15 59 431
15 53 427
15 33 372
15 23 98
15 75 865
15 98 92
15 28 435
15 26 445
15 19 187
15 81 452
15 97 220
15 63 865
15 21 660
15 77 876
15 68 583
15 42 433
15 29 840
15 92 28
15 82 121
15 64 310
15 73 998
15 55 936
15 43 945
15 17 962
15 67 403
15 47 297
15 52 723
15 27 491
15 87 739
15 44 11
15 62 154
15 74 141
15 76 990
15 24 991
15 60 76
15 65 193
15 79 990
15 91 530
15 16 827
15 34 749
15 54 235
15 36 325
15 49 566
15 84 763
15 38 9
15 41 822
15 89 581
15 96 141
15 78 352
15 93 523
15 99 766
15 50 858
15 94 531
15 22 78
15 35 780
15 40 382
15 25 316
15 18 444
15 56 884
15 20 777
15 31 79
15 57 62
15 66 766
15 51 778
15 100 97
15 39 749
15 83 121
15 69 481
15 61 739
15 86 207
15 30 733
15 46 409
15 70 308
15 85 165
15 90 160
15 88 322
15 48 906
15 80 483
15 72 986
16 19 797
16 94 785
16 83 539
16 98 780
16 33 347
16 24 105
16 47 130
16 49 103
16 30 296
16 63 802
16 32 530
16 70 573
16 73 152
16 66 549
16 81 790
16 38 382
16 56 201
16 78 201
16 31 439
16 90 325
16 96 684
16 48 628
16 46 850
16 59 528
16 99 74
16 79 12
16 52 674
16 28 854
16 91 87
16 100 937
16 18 750
16 89 80
16 85 740
16 95 708
16 64 640
16 84 783
16 75 379
16 44 264
16 54 699
16 27 4
16 58 414
16 88 358
16 45 181
16 97 964
16 25 669
16 51 372
16 21 622
16 67 83
16 93 588
16 34 607
16 60 828
16 39 5
16 40 958
16 92 603
16 22 387
16 76 756
16 61 839
16 36 437
16 35 582
16 17 278
16 86 146
16 23 504
16 68 486
16 26 558
16 62 920
16 29 409
16 53 112
16 42 505
16 71 887
16 87 152
16 20 927
16 65 690
16 37 175
16 43 549
16 82 665
16 57 25
16 41 454
16 80 285
17 87 201
17 29 649
17 95 836
17 84 152
17 53 574
17 86 566
17 18 245
17 61 632
17 40 871
17 60 61
17 71 44
17 30 292
17 70 878
17 44 847
17 73 76
17 81 218
17 28 661
17 19 235
17 37 697
17 27 324
17 51 35
17 20 5
17 69 585
17 85 390
17 63 732
17 91 842
17 46 495
17 93 654
17 77 749
17 47 731
17 82 810
17 100 513
17 65 844
17 24 666
17 62 128
17 32 307
17 68 416
17 42 571
17 25 757
17 36 964
17 79 95
17 89 979
17 38 480
17 31 650
17 22 469
17 74 813
17 50 405
17 54 279
17 57 211
17 94 880
17 97 397
17 76 416
17 80 57
17 64 104
17 90 956
17 78 471
17 49 787
17 43 792
17 45 423
17 41 14
17 33 756
17 35 666
17 75 792
17 96 782
17 55 446
17 88 296
17 34 714
17 83 843
17 66 88
17 21 280
17 72 998
17 48 1
17 58 804
17 98 665
17 39 187
17 56 143
18 21 171
18 26 647
18 48 924
18 24 985
18 83 961
18 85 828
18 84 363
18 82 811
18 70 122
18 87 133
18 29 681
18 54 84
18 66 704
18 25 586
18 52 919
18 61 820
18 65 599
18 46 842
18 39 410
18 22 558
18 89 52
18 69 255
18 60 107
18 37 746
18 77 546
18 80 908
18 33 597
18 56 255
18 67 760
18 71 344
18 100 49
18 91 768
18 53 59
18 27 617
18 86 599
18 75 289
18 32 524
18 31 779
18 74 985
18 81 840
18 72 580
18 76 9
18 35 740
18 59 201
18 45 850
18 88 784
18 50 675
18 43 533
18 63 376
18 62 118
18 49 370
18 51 752
18 92 635
18 40 249
18 57 328
18 95 833
18 99 858
18 19 885
18 28 591
18 34 899
18 30 179
18 47 204
18 68 452
18 73 210
19 43 998
19 87 37
19 83 917
19 98 266
19 100 108
19 20 315
19 71 798
19 73 875
19 26 454
19 46 288
19 39 282
19 59 407
19 42 225
19 95 616
19 96 592
19 70 617
19 55 57
19 35 795
19 56 212
19 63 10
19 33 93
19 32 856
19 62 149
19 69 617
19 58 404
19 23 265
19 22 606
19 61 239
19 79 160
19 75 331
19 65 878
19 93 427
19 25 404
19 31 798
19 21 849
19 44 957
19 45 837
19 78 589
19 82 486
19 88 559
19 64 333
19 66 569
19 40 260
19 38 821
19 85 303
19 36 455
19 48 449
19 94 279
19 54 397
19 52 941
19 67 352
19 81 964
19 77 289
19 34 194
19 90 612
19 86 994
19 91 565
19 97 613
19 37 589
19 53 530
19 57 694
19 24 335
19 49 596
19 50 779
19 99 217
19 84 869
19 68 136
19 76 441
19 72 433
19 30 937
20 87 437
20 44 825
20 60 446
20 32 71
20 45 964
20 22 989
20 70 691
20 41 870
20 40 446
20 53 897
20 63 293
20 74 432
20 24 305
20 88 593
20 21 849
20 95 223
20 55 3
20 66 71
20 100 890
20 96 820
20 33 224
20 58 453
20 75 117
20 43 214
20 81 827
20 34 687
20 48 837
20 69 280
20 67 720
20 77 237
20 79 520
20 71 592
20 49 615
20 83 685
20 61 32
20 28 985
20 72 435
20 84 591
20 23 508
20 29 960
20 82 790
20 51 990
20 54 665
20 65 369
20 47 114
20 86 31
20 68 8
20 38 874
20 26 583
20 42 734
20 52 151
20 39 45
20 46 643
20 76 578
20 89 584
20 93 414
20 91 11
20 73 51
20 99 41
20 50 613
20 78 784
20 97 288
20 62 992
20 30 916
20 92 523
20 94 219
20 27 667
20 57 649
20 98 527
20 36 971
20 59 501
20 25 144
21 80 748
21 82 42
21 36 410
21 34 119
21 84 469
21 97 110
21 25 69
21 32 562
21 23 766
21 69 286
21 68 464
21 64 475
21 33 388
21 65 49
21 87 421
21 47 105
21 93 995
21 35 988
21 100 705
21 29 498
21 37 815
21 92 651
21 53 709
21 75 367
21 43 295
21 88 877
21 50 817
21 81 656
21 48 76
21 55 541
21 76 936
21 24 498
21 78 578
21 63 329
21 38 566
21 91 217
21 73 888
21 57 252
21 89 981
21 79 974
21 54 177
21 45 880
21 60 48
21 61 418
21 95 204
21 59 247
21 49 275
21 28 381
21 99 283
21 51 749
21 74 455
21 62 818
21 77 612
21 22 821
21 66 616
21 85 470
21 41 678
21 27 67
21 94 731
21 52 788
21 30 750
21 98 36
21 90 618
21 71 514
21 46 163
21 83 34
21 72 414
21 96 328
21 39 557
21 56 270
21 67 257
21 86 367
22 52 545
22 31 658
22 94 308
22 27 782
22 34 746
22 92 484
22 78 878
22 93 409
22 65 931
22 90 62
22 95 464
22 29 783
22 32 172
22 64 994
22 44 528
22 33 919
22 23 341
22 50 815
22 85 988
22 40 589
22 39 7
22 36 680
22 55 507
22 88 937
22 62 929
22 67 302
22 58 312
22 73 233
22 97 5
22 69 507
22 26 659
22 68 250
22 74 104
22 24 783
22 56 838
22 66 637
22 49 742
22 70 205
22 86 702
22 45 77
22 46 946
22 47 641
22 89 840
22 48 760
22 81 708
22 30 653
22 98 861
22 63 641
22 54 9
22 87 928
22 41 7
22 60 887
22 28 893
22 35 523
22 53 956
22 76 449
22 38 640
22 99 116
22 77 775
22 72 691
22 91 63
22 61 572
22 84 835
23 34 213
23 89 196
23 58 246
23 72 536
23 64 714
23 33 556
23 50 949
23 95 188
23 83 108
23 24 311
23 27 419
23 57 880
23 37 273
23 44 969
23 28 808
23 45 46
23 85 379
23 68 704
23 25 168
23 26 589
23 35 809
23 66 662
23 47 617
23 98 926
23 91 790
23 41 373
23 65 912
23 99 134
23 61 705
23 96 209
23 48 584
23 79 709
23 31 429
23 60 302
23 84 484
23 42 953
23 38 661
23 78 351
23 49 473
23 80 54
23 54 695
23 67 951
23 30 971
23 40 102
23 56 982
23 75 642
23 63 933
23 69 585
23 51 10
23 73 961
23 32 669
23 93 116
23 100 542
23 59 879
23 71 669
23 62 8
23 39 17
23 94 278
23 90 487
23 74 569
23 55 89
23 70 844
23 43 890
23 46 52
23 76 545
23 53 150
23 77 239
23 82 375
23 52 797
23 92 117
23 88 232
23 29 106
23 97 328
23 87 484
24 98 402
24 88 637
24 81 98
24 48 650
24 71 330
24 39 746
24 49 431
24 40 703
24 42 911
24 63 462
24 83 175
24 35 772
24 79 418
24 75 182
24 70 367
24 97 296
24 60 432
24 25 914
24 93 274
24 66 139
24 57 383
24 31 951
24 43 858
24 41 255
24 61 184
24 77 966
24 30 792
24 69 326
24 34 205
24 96 741
24 72 853
24 86 741
24 76 488
24 87 770
24 99 921
24 62 251
24 38 942
24 28 189
24 82 940
24 32 357
24 90 607
24 74 847
24 26 484
24 55 854
24 52 364
24 78 247
24 91 422
24 95 416
24 80 582
24 92 385
24 37 350
24 68 183
24 84 119
24 29 98
24 33 41
24 67 670
24 46 938
24 65 712
24 54 598
24 56 220
24 27 265
24 51 357
24 100 967
24 50 722
24 59 332
24 58 507
24 73 892
24 53 562
25 34 993
25 57 769
25 46 321
25 97 643
25 27 473
25 95 289
25 30 378
25 28 665
25 58 960
25 33 590
25 69 238
25 79 123
25 26 909
25 38 959
25 63 573
25 32 30
25 51 168
25 62 421
25 36 302
25 72 463
25 35 842
25 81 580
25 55 492
25 60 389
25 41 499
25 67 340
25 44 482
25 49 496
25 42 705
25 54 184
25 78 508
25 43 4
25 80 58
25 70 874
25 65 697
25 47 374
25 90 78
25 77 576
25 71 182
25 29 129
25 87 740
25 61 100
25 37 97
25 53 205
25 74 603
25 83 645
25 40 55
25 92 734
25 76 713
25 52 197
25 31 797
25 98 20
25 96 217
25 82 99
25 85 367
25 93 194
25 75 704
25 99 432
25 100 670
25 84 104
25 86 966
25 45 70
25 64 371
25 88 702
25 59 317
25 48 30
25 89 506
25 39 168
26 94 29
26 70 732
26 92 704
26 64 199
26 54 605
26 76 631
26 53 723
26 30 865
26 80 126
26 77 800
26 93 17
26 75 845
26 58 582
26 35 969
26 31 419
26 34 184
26 39 909
26 62 707
26 98 970
26 74 811
26 44 948
26 69 908
26 99 837
26 86 750
26 85 338
26 87 616
26 66 325
26 50 104
26 55 286
26 45 556
26 78 659
26 42 549
26 68 374
26 51 859
26 48 288
26 38 64
26 96 295
26 100 249
26 81 739
26 27 107
26 40 760
26 71 552
26 49 216
26 56 230
26 63 252
26 97 761
26 65 426
26 28 749
26 95 976
26 43 827
26 36 781
26 90 742
26 52 839
26 91 130
26 37 517
26 84 606
26 88 579
26 83 531
26 47 599
26 72 520
26 79 724
26 82 407
26 29 391
26 59 123
26 67 508
26 57 956
26 33 96
26 60 794
26 89 860
26 32 532
26 73 576
26 46 87
27 72 423
27 79 31
27 41 915
27 30 203
27 99 331
27 45 10
27 44 860
27 40 268
27 73 451
27 63 485
27 71 478
27 82 611
27 54 307
27 53 766
27 76 24
27 52 98
27 98 635
27 46 350
27 31 731
27 91 853
27 51 426
27 86 842
27 66 234
27 89 64
27 28 621
27 35 312
27 87 680
27 33 794
27 29 255
27 88 382
27 65 493
27 32 969
27 57 227
27 92 136
27 94 242
27 56 905
27 81 266
27 59 647
27 55 450
27 70 485
27 85 260
27 83 151
27 36 399
27 42 177
27 58 568
27 50 411
27 62 4
27 37 897
27 64 94
27 80 260
27 97 507
27 60 374
27 90 49
27 34 489
27 49 857
27 74 792
27 75 36
27 77 888
27 95 660
27 93 293
27 96 201
27 78 978
27 38 286
27 84 308
27 61 943
28 36 486
28 57 703
28 65 753
28 53 464
28 56 511
28 68 70
28 75 405
28 72 91
28 99 801
28 32 264
28 78 467
28 86 144
28 82 160
28 37 231
28 59 226
28 64 915
28 44 229
28 89 104
28 98 306
28 50 918
28 81 75
28 34 825
28 52 730
28 55 687
28 73 61
28 60 744
28 54 899
28 96 872
28 69 487
28 66 109
28 41 738
28 84 929
28 29 510
28 79 602
28 76 337
28 40 396
28 48 139
28 83 176
28 95 329
28 91 872
28 51 431
28 33 344
28 77 855
28 74 812
28 92 406
28 87 720
28 67 542
28 85 653
28 45 244
28 97 523
28 70 428
28 38 778
28 58 517
28 88 53
28 62 424
28 71 669
28 80 665
28 47 474
28 30 104
28 63 69
28 35 260
28 100 598
28 39 374
28 61 640
28 43 27
28 49 262
29 76 71
29 100 571
29 90 657
29 93 289
29 71 976
29 47 623
29 53 340
29 36 41
29 92 963
29 52 160
29 46 245
29 77 546
29 82 600
29 64 718
29 54 399
29 81 619
29 41 529
29 89 730
29 74 330
29 56 613
29 86 90
29 79 604
29 99 936
29 72 403
29 49 612
29 32 899
29 65 813
29 34 682
29 69 289
29 85 30
29 60 935
29 58 182
29 98 228
29 51 333
29 50 3
29 80 421
29 57 925
29 38 60
29 35 467
29 66 368
29 39 679
29 62 951
29 40 349
29 33 490
29 78 708
29 84 822
29 70 835
29 88 804
29 91 853
29 31 949
29 44 402
29 43 414
29 87 805
29 75 496
29 96 420
29 94 911
29 37 625
29 55 312
29 48 48
29 42 485
29 97 858
29 61 936
29 59 766
29 67 931
29 68 193
29 63 595
30 91 853
30 89 18
30 77 567
30 59 273
30 82 358
30 70 631
30 46 181
30 47 80
30 64 846
30 58 509
30 67 524
30 80 664
30 45 669
30 43 358
30 85 780
30 92 555
30 95 525
30 52 75
30 72 648
30 98 6
30 75 851
30 53 55
30 42 971
30 93 703
30 100 250
30 63 457
30 84 79
30 94 128
30 66 557
30 79 827
30 48 737
30 90 383
30 60 765
30 97 215
30 36 565
30 49 680
30 81 35
30 33 519
30 65 240
30 86 558
30 55 465
30 34 909
30 73 846
30 38 136
30 50 86
30 83 935
30 44 973
30 76 537
30 74 618
30 39 66
30 71 56
30 78 873
30 56 853
30 96 12
30 37 21
30 68 759
30 31 253
30 54 883
30 32 99
30 40 114
30 87 467
30 62 399
30 99 979
31 86 789
31 52 33
31 51 963
31 69 318
31 66 155
31 98 733
31 71 439
31 100 261
31 43 256
31 68 970
31 62 449
31 80 529
31 90 739
31 49 631
31 81 901
31 89 257
31 78 634
31 36 97
31 76 157
31 72 546
31 37 828
31 63 353
31 77 933
31 74 50
31 45 153
31 40 624
31 70 53
31 48 595
31 47 160
31 85 991
31 64 951
31 94 571
31 87 73
31 44 163
31 57 535
31 59 815
31 88 796
31 54 739
31 58 305
31 46 17
31 96 681
31 53 929
31 93 464
31 60 457
31 61 3
31 39 460
31 83 305
31 95 569
31 41 136
31 97 901
31 79 721
31 38 492
31 73 109
31 65 672
31 82 910
31 42 205
31 92 115
31 75 25
31 50 847
31 35 629
31 67 945
31 91 754
31 55 798
31 34 0
31 33 423
32 87 755
32 60 199
32 81 782
32 53 590
32 71 956
32 79 336
32 64 872
32 57 32
32 50 710
32 96 465
32 52 812
32 47 28
32 41 365
32 48 246
32 33 483
32 76 459
32 86 849
32 36 181
32 83 262
32 99 978
32 38 452
32 66 986
32 74 91
32 70 198
32 95 61
32 61 8
32 43 274
32 75 524
32 40 973
32 34 52
32 62 601
32 89 527
32 92 526
32 97 904
32 51 327
32 93 918
32 73 929
32 91 33
32 35 53
32 59 163
32 54 652
32 58 415
32 37 153
32 65 805
32 49 486
32 44 551
32 78 447
32 98 720
32 88 633
32 55 491
32 84 721
32 72 158
32 45 111
32 42 816
32 80 660
32 39 708
32 68 20
32 90 414
32 56 732
32 82 614
33 72 752
33 92 88
33 76 563
33 36 126
33 86 33
33 85 60
33 56 954
33 89 197
33 96 58
33 43 636
33 58 661
33 87 507
33 62 797
33 71 357
33 73 315
33 44 458
33 42 179
33 55 536
33 35 172
33 98 601
33 70 178
33 57 245
33 93 66
33 88 186
33 40 82
33 78 46
33 49 233
33 54 559
33 94 40
33 65 747
33 77 561
33 61 814
33 52 335
33 46 263
33 47 717
33 81 383
33 38 45
33 39 234
33 53 264
33 97 755
33 69 40
33 63 848
33 37 961
33 84 330
33 79 995
33 80 617
33 90 852
33 50 292
33 95 693
33 34 925
33 41 106
33 67 646
33 74 130
33 91 394
33 99 474
33 83 897
33 51 638
33 75 716
33 82 525
33 59 111
33 60 140
33 64 198
33 48 266
33 66 728
34 52 690
34 40 611
34 39 525
34 100 618
34 44 987
34 93 912
34 95 11
34 48 838
34 35 783
34 59 218
34 68 839
34 72 134
34 54 918
34 38 666
34 92 670
34 37 372
34 81 826
34 82 148
34 70 227
34 49 252
34 87 857
34 64 716
34 67 280
34 98 847
34 50 881
34 97 156
34 57 160
34 61 528
34 46 622
34 58 705
34 78 910
34 90 766
34 99 159
34 77 643
34 41 778
34 79 680
34 53 274
34 71 569
34 63 31
34 88 469
34 36 967
34 84 136
34 47 870
34 94 440
34 45 320
34 89 534
34 75 284
34 96 828
34 65 651
34 42 907
34 76 678
34 51 358
34 74 388
34 69 520
34 83 1000
34 62 478
34 55 0
34 43 798
34 80 13
34 73 990
34 66 557
35 47 223
35 42 743
35 55 648
35 67 266
35 39 89
35 66 693
35 48 168
35 83 347
35 36 138
35 74 865
35 87 315
35 57 113
35 96 217
35 93 576
35 88 644
35 65 98
35 41 37
35 80 594
35 76 519
35 97 686
35 82 599
35 71 767
35 60 206
35 44 13
35 98 847
35 59 466
35 100 620
35 95 850
35 37 941
35 79 111
35 56 367
35 68 870
35 64 152
35 86 882
35 85 633
35 54 436
35 40 26
35 78 122
35 75 617
35 52 211
35 73 14
35 49 600
35 58 996
35 91 767
35 99 921
35 63 963
35 61 995
35 92 340
35 43 447
35 89 639
35 50 128
35 46 555
35 51 761
35 77 853
35 69 514
35 62 669
35 53 928
35 81 535
35 45 450
36 84 84
36 50 240
36 49 785
36 95 17
36 54 763
36 82 426
36 66 113
36 78 342
36 73 175
36 87 329
36 99 32
36 88 676
36 86 904
36 77 900
36 72 992
36 38 765
36 44 816
36 70 56
36 63 173
36 71 949
36 96 255
36 91 846
36 64 398
36 40 532
36 65 600
36 93 952
36 79 356
36 67 27
36 47 754
36 41 887
36 59 921
36 60 163
36 75 260
36 62 32
36 61 885
36 39 601
36 94 987
36 57 241
36 55 90
36 52 829
36 69 162
36 51 960
36 89 538
36 85 86
36 48 941
36 74 320
36 83 644
36 58 906
36 56 700
36 43 929
36 76 77
36 80 585
36 53 135
36 100 93
36 42 960
36 98 957
36 81 442
36 90 473
36 46 822
36 68 361
37 74 78
37 39 780
37 86 528
37 38 259
37 75 314
37 47 291
37 45 393
37 91 564
37 60 311
37 73 369
37 83 999
37 67 959
37 46 547
37 40 906
37 65 123
37 63 867
37 62 765
37 69 181
37 68 947
37 49 918
37 53 878
37 99 712
37 52 429
37 61 691
37 72 60
37 84 709
37 70 594
37 66 129
37 77 749
37 79 529
37 58 391
37 42 378
37 85 329
37 98 464
37 71 350
37 90 832
37 43 179
37 95 290
37 89 277
37 48 706
37 94 768
37 78 607
37 64 941
37 93 128
37 80 307
37 51 511
37 88 962
37 100 760
37 96 854
37 87 85
37 44 161
37 55 649
37 50 650
37 82 498
37 56 637
37 41 278
38 84 169
38 81 564
38 86 389
38 48 663
38 91 808
38 59 308
38 70 63
38 56 249
38 52 100
38 88 774
38 44 376
38 73 675
38 100 395
38 64 468
38 55 640
38 74 902
38 75 130
38 65 490
38 80 450
38 85 940
38 41 329
38 49 159
38 51 628
38 57 140
38 47 250
38 62 199
38 53 841
38 95 555
38 83 109
38 77 943
38 61 414
38 93 510
38 50 353
38 54 38
38 72 170
38 96 939
38 69 258
38 43 374
38 78 648
38 92 656
38 45 321
38 66 403
38 89 313
38 97 547
38 94 142
38 46 567
38 68 720
38 63 76
38 90 376
38 99 616
38 76 953
38 58 487
38 79 929
38 60 373
38 67 815
38 82 87
38 87 770
38 71 123
38 42 687
39 55 842
39 84 279
39 41 487
39 73 437
39 96 478
39 98 1
39 66 964
39 56 226
39 85 739
39 52 369
39 81 113
39 90 255
39 67 198
39 62 418
39 72 836
39 82 7
39 92 595
39 58 530
39 78 75
39 99 910
39 95 369
39 60 648
39 44 314
39 57 8
39 42 3
39 91 604
39 93 393
39 94 622
39 89 600
39 97 511
39 49 220
39 40 752
39 68 637
39 64 859
39 76 25
39 75 27
39 69 173
39 70 777
39 87 226
39 59 923
39 63 485
39 88 793
39 43 422
39 100 48
39 83 652
39 54 423
39 51 423
39 86 117
39 61 246
39 71 990
39 46 554
39 77 962
39 80 444
39 65 794
40 64 746
40 75 560
40 55 803
40 45 435
40 63 47
40 95 47
40 90 121
40 84 597
40 93 728
40 77 302
40 78 76
40 59 244
40 72 415
40 100 279
40 80 224
40 94 29
40 65 78
40 51 69
40 41 515
40 57 4
40 91 582
40 48 603
40 79 361
40 97 939
40 81 602
40 56 741
40 85 323
40 46 737
40 88 542
40 74 19
40 60 890
40 50 382
40 73 843
40 70 408
40 68 444
40 71 490
40 66 202
40 54 65
40 61 818
40 87 299
40 58 563
40 52 621
40 83 895
40 47 297
40 67 425
40 92 351
40 43 245
40 98 724
40 49 322
40 82 641
40 53 612
40 76 307
41 77 488
41 54 218
41 43 307
41 58 107
41 100 892
41 85 697
41 53 608
41 64 239
41 61 674
41 73 827
41 72 165
41 45 882
41 67 475
41 88 624
41 95 369
41 69 474
41 92 347
41 80 253
41 84 962
41 71 188
41 87 121
41 47 991
41 68 266
41 89 265
41 56 297
41 52 694
41 50 743
41 94 23
41 83 428
41 98 834
41 42 216
41 55 12
41 76 200
41 57 451
41 70 90
41 46 474
41 75 342
41 93 969
41 91 749
41 49 496
41 78 950
41 81 564
41 97 55
41 86 786
41 51 660
41 63 804
41 60 718
41 90 731
41 48 816
41 99 929
41 44 337
41 74 987
41 65 325
41 59 816
41 62 60
42 90 578
42 76 163
42 47 149
42 74 871
42 50 856
42 70 740
42 63 664
42 66 433
42 79 429
42 93 635
42 72 181
42 56 839
42 75 25
42 91 43
42 89 107
42 86 794
42 81 57
42 73 521
42 45 266
42 67 432
42 60 186
42 82 437
42 59 658
42 83 276
42 95 699
42 68 944
42 98 363
42 96 934
42 54 807
42 44 423
42 71 947
42 87 811
42 46 241
42 69 460
42 62 880
42 78 205
42 100 198
42 80 885
42 49 537
42 97 728
42 55 932
42 99 95
42 64 131
42 65 625
42 84 247
42 52 974
42 43 849
42 53 989
42 48 968
42 94 751
42 57 196
42 92 258
43 75 642
43 78 802
43 84 512
43 59 893
43 63 663
43 64 626
43 80 640
43 97 488
43 49 595
43 88 853
43 76 972
43 72 389
43 47 438
43 74 882
43 81 28
43 55 60
43 77 60
43 71 680
43 94 624
43 92 942
43 100 344
43 82 261
43 53 845
43 87 138
43 65 10
43 68 909
43 46 810
43 50 811
43 83 578
43 58 242
43 51 651
43 69 226
43 95 899
43 85 276
43 48 28
43 52 641
43 44 458
43 62 449
43 70 882
43 91 721
43 56 484
43 67 652
43 89 339
43 57 374
43 54 540
43 61 386
43 45 387
43 66 694
43 90 477
43 99 364
43 60 156
44 83 468
44 97 185
44 69 44
44 98 669
44 62 932
44 68 712
44 58 982
44 78 855
44 65 267
44 46 27
44 81 14
44 87 633
44 74 165
44 52 661
44 73 652
44 66 155
44 55 568
44 75 11
44 79 767
44 51 99
44 84 726
44 53 654
44 50 374
44 48 5
44 61 336
44 93 799
44 86 310
44 76 938
44 88 212
44 56 768
44 57 903
44 54 57
44 70 647
44 91 828
44 85 209
44 94 4
44 71 707
44 45 212
44 63 811
44 67 688
44 80 640
44 59 117
44 96 271
44 49 66
44 82 577
44 77 620
44 90 868
44 72 180
44 47 582
45 86 966
45 77 476
45 75 724
45 62 220
45 53 200
45 98 352
45 65 626
45 89 56
45 82 506
45 85 620
45 56 31
45 67 422
45 73 951
45 61 850
45 74 641
45 87 876
45 68 216
45 83 307
45 64 581
45 55 31
45 95 905
45 79 966
45 81 87
45 78 609
45 46 493
45 99 611
45 84 995
45 71 558
45 66 47
45 60 250
45 94 443
45 58 39
45 54 265
45 96 881
45 93 651
45 76 759
45 70 851
45 97 478
45 72 149
45 59 87
45 69 687
45 52 744
45 47 113
45 48 713
45 57 641
45 91 302
45 90 686
45 92 214
45 100 61
45 51 659
45 50 535
45 88 83
46 63 501
46 76 753
46 65 316
46 90 195
46 54 796
46 60 621
46 52 801
46 74 28
46 79 218
46 82 206
46 94 907
46 95 559
46 97 450
46 86 723
46 64 26
46 87 213
46 91 980
46 47 443
46 71 560
46 66 59
46 92 955
46 56 994
46 59 45
46 70 782
46 80 7
46 53 183
46 99 899
46 88 5
46 73 536
46 100 334
46 67 341
46 50 220
46 72 832
46 93 768
46 57 105
46 62 934
46 61 655
46 51 956
46 48 679
46 85 850
46 89 34
46 78 750
46 68 359
46 81 712
46 49 779
46 69 614
46 84 698
46 98 458
46 58 563
46 96 299
46 55 540
47 75 336
47 99 896
47 94 763
47 84 977
47 74 157
47 66 600
47 80 757
47 68 606
47 90 712
47 100 874
47 70 834
47 59 317
47 50 934
47 81 256
47 51 871
47 95 887
47 92 115
47 67 556
47 91 331
47 87 884
47 55 422
47 79 448
47 57 346
47 63 294
47 64 608
47 71 566
47 58 467
47 65 346
47 52 845
47 56 132
47 85 780
47 72 740
47 53 51
47 88 691
47 89 855
47 61 196
47 78 143
47 48 775
47 97 710
47 77 676
47 73 254
47 83 102
47 98 43
47 60 168
47 76 243
47 54 453
47 62 869
47 96 922
48 96 485
48 66 426
48 91 596
48 81 524
48 63 725
48 70 265
48 97 948
48 71 864
48 59 664
48 80 212
48 56 697
48 84 764
48 50 321
48 52 316
48 53 408
48 86 222
48 55 162
48 76 558
48 87 80
48 54 503
48 100 699
48 75 589
48 68 441
48 65 263
48 61 295
48 49 281
48 98 840
48 79 57
48 94 300
48 90 282
48 95 923
48 85 867
48 72 101
48 74 199
48 99 901
48 64 832
48 60 270
48 77 720
48 51 524
48 58 469
48 69 10
48 73 210
48 57 528
48 92 852
48 78 192
48 88 121
48 82 863
49 71 318
49 83 474
49 52 607
49 68 515
49 54 508
49 77 674
49 81 339
49 98 583
49 87 257
49 97 409
49 50 149
49 66 224
49 62 84
49 82 148
49 73 739
49 51 343
49 90 74
49 69 823
49 96 630
49 55 78
49 95 184
49 93 838
49 84 423
49 80 78
49 76 956
49 74 679
49 88 907
49 72 609
49 67 531
49 86 215
49 58 650
49 92 17
49 70 993
49 65 862
49 53 288
49 61 121
49 56 255
49 60 845
49 91 132
49 64 1000
49 94 258
49 59 329
49 99 664
49 57 571
49 75 406
49 79 811
49 100 670
49 85 350
50 79 705
50 75 975
50 62 574
50 94 652
50 54 94
50 87 57
50 52 527
50 71 617
50 88 297
50 100 437
50 53 190
50 65 384
50 64 918
50 83 482
50 90 273
50 72 442
50 59 403
50 86 404
50 56 583
50 78 345
50 93 388
50 73 45
50 80 123
50 76 811
50 63 276
50 92 776
50 61 798
50 91 880
50 57 834
50 85 293
50 82 813
50 66 897
50 98 774
50 55 737
50 84 676
50 81 635
50 51 419
50 69 737
50 89 904
50 96 837
50 68 947
50 60 691
50 67 627
51 64 596
51 97 594
51 76 391
51 94 236
51 62 265
51 92 460
51 66 884
51 85 585
51 84 840
51 93 746
51 95 3
51 80 992
51 52 93
51 77 148
51 71 72
51 67 313
51 68 368
51 53 1
51 60 574
51 100 917
51 88 613
51 69 396
51 54 414
51 87 448
51 82 284
51 72 135
51 91 417
51 63 782
51 99 187
51 78 72
51 74 887
51 83 431
51 57 455
51 58 196
51 70 387
51 61 318
51 65 251
51 96 647
51 73 32
51 55 970
51 75 472
51 86 463
51 98 645
51 89 928
51 79 197
51 56 609
51 59 155
52 93 513
52 56 195
52 92 890
52 65 604
52 71 393
52 73 545
52 89 347
52 98 732
52 62 561
52 94 855
52 76 885
52 97 458
52 66 924
52 82 749
52 55 830
52 60 694
52 75 568
52 63 778
52 58 594
52 70 278
52 79 452
52 96 154
52 78 189
52 74 660
52 59 218
52 69 571
52 83 528
52 77 669
52 85 196
52 64 83
52 68 31
52 80 342
52 57 940
52 81 433
52 100 152
52 86 19
52 87 297
52 61 511
52 95 557
52 54 706
52 90 408
52 53 931
52 84 438
52 72 92
53 67 202
53 93 717
53 65 90
53 70 281
53 77 932
53 91 653
53 75 312
53 98 156
53 68 772
53 57 835
53 87 490
53 100 75
53 97 717
53 92 739
53 72 59
53 66 950
53 74 977
53 62 630
53 63 711
53 80 357
53 73 936
53 54 582
53 60 354
53 86 779
53 55 393
53 88 269
53 76 213
53 78 81
53 89 609
53 58 102
53 85 451
53 69 683
53 95 616
53 94 927
53 83 566
53 84 375
53 61 297
53 81 115
53 59 472
53 71 326
53 56 604
53 64 161
54 66 174
54 74 723
54 81 31
54 88 967
54 61 703
54 79 476
54 58 793
54 68 154
54 67 878
54 69 630
54 56 998
54 86 444
54 89 957
54 92 504
54 100 146
54 96 402
54 55 744
54 76 355
54 78 331
54 75 839
54 83 730
54 82 539
54 85 948
54 59 413
54 72 269
54 60 103
54 97 34
54 90 447
54 98 253
54 99 647
54 87 812
54 63 439
54 62 18
54 84 778
54 94 332
54 77 578
54 95 474
54 64 426
54 80 753
54 70 796
54 73 908
54 57 26
54 71 919
55 98 885
55 66 9
55 83 28
55 69 42
55 65 970
55 58 842
55 73 910
55 59 218
55 64 221
55 70 334
55 96 168
55 97 231
55 60 296
55 56 950
55 74 905
55 67 804
55 62 425
55 87 549
55 94 419
55 89 394
55 81 694
55 79 462
55 95 64
55 71 839
55 72 8
55 77 535
55 99 448
55 90 498
55 85 226
55 84 349
55 75 170
55 86 719
55 78 962
55 76 536
55 82 595
55 57 28
55 63 664
55 88 543
55 91 604
55 80 59
55 68 696
55 61 837
55 100 738
55 93 461
56 57 846
56 64 744
56 86 925
56 90 701
56 58 950
56 81 981
56 63 470
56 98 501
56 70 207
56 94 38
56 59 294
56 78 742
56 61 13
56 65 896
56 91 185
56 96 590
56 99 622
56 88 330
56 67 247
56 87 753
56 97 265
56 77 208
56 66 379
56 95 470
56 75 929
56 72 735
56 68 147
56 73 617
56 62 65
56 76 185
56 71 823
56 82 424
56 100 403
56 80 318
56 92 930
56 79 147
56 74 117
56 60 366
56 83 851
56 89 349
57 93 915
57 77 252
57 66 703
57 72 575
57 92 845
57 95 185
57 100 370
57 62 64
57 71 664
57 81 199
57 73 704
57 68 734
57 89 198
57 74 265
57 79 823
57 69 587
57 64 436
57 86 339
57 58 362
57 59 625
57 99 490
57 83 940
57 63 763
57 84 669
57 76 830
57 80 831
57 75 696
57 90 986
57 78 72
57 85 40
57 70 782
57 67 590
57 60 490
57 65 202
57 61 182
57 88 534
57 91 209
57 82 244
58 75 244
58 65 621
58 60 6
58 93 498
58 59 807
58 74 565
58 81 49
58 62 866
58 64 509
58 98 321
58 73 816
58 95 192
58 96 921
58 67 76
58 70 436
58 94 728
58 89 763
58 87 151
58 82 343
58 100 729
58 90 895
58 99 196
58 71 492
58 68 341
58 80 516
58 66 188
58 76 912
58 63 67
58 78 726
58 69 758
58 77 853
58 83 975
58 86 237
58 84 843
58 91 62
58 88 153
58 79 364
58 61 821
58 72 367
58 85 295
58 92 191
59 77 705
59 96 601
59 87 25
59 73 995
59 79 410
59 72 584
59 76 602
59 98 537
59 69 5
59 71 668
59 89 14
59 91 195
59 70 70
59 86 660
59 83 246
59 81 792
59 68 172
59 64 514
59 99 350
59 92 655
59 82 733
59 78 947
59 95 213
59 93 741
59 67 108
59 80 37
59 60 710
59 75 76
59 88 431
59 61 228
59 90 287
59 65 857
59 84 262
59 63 290
59 62 798
60 84 702
60 85 99
60 69 445
60 86 692
60 66 544
60 75 894
60 61 256
60 64 295
60 65 250
60 62 429
60 70 724
60 97 594
60 93 543
60 71 436
60 82 162
60 88 717
60 98 584
60 63 445
60 77 984
60 80 497
60 95 822
60 87 203
60 78 378
60 92 760
60 67 730
60 89 85
60 94 209
60 74 931
60 68 316
60 99 599
60 81 686
60 73 107
60 72 754
60 100 694
60 79 997
61 93 87
61 68 51
61 88 940
61 95 612
61 81 752
61 78 10
61 91 962
61 80 639
61 72 482
61 66 800
61 69 669
61 77 885
61 96 123
61 94 572
61 83 908
61 82 427
61 100 254
61 62 650
61 85 952
61 79 309
61 67 449
61 89 655
61 99 485
61 92 343
61 87 675
61 71 311
61 97 648
61 73 826
61 75 917
61 63 934
61 98 506
61 76 330
61 70 843
61 84 461
62 99 86
62 91 664
62 79 810
62 73 339
62 90 334
62 83 89
62 85 305
62 89 485
62 76 685
62 80 606
62 63 379
62 71 807
62 81 365
62 94 386
62 68 387
62 88 222
62 65 39
62 75 683
62 77 632
62 97 125
62 92 842
62 100 301
62 64 837
62 82 544
62 93 684
62 72 1000
62 69 654
62 96 385
62 95 210
62 66 894
62 87 485
62 98 608
62 78 991
62 74 861
62 67 548
63 87 807
63 100 952
63 75 338
63 72 907
63 85 282
63 89 639
63 97 502
63 84 112
63 78 410
63 80 507
63 74 968
63 94 307
63 71 176
63 65 995
63 69 463
63 88 327
63 93 754
63 66 484
63 95 641
63 91 374
63 68 975
63 96 751
63 70 457
63 86 709
63 76 221
63 92 623
63 64 107
63 99 563
63 79 886
63 90 700
63 98 254
63 82 543
63 67 349
64 82 49
64 95 805
64 90 432
64 84 373
64 71 157
64 70 534
64 92 980
64 83 785
64 97 973
64 80 522
64 96 84
64 81 270
64 67 46
64 76 79
64 73 643
64 88 789
64 94 130
64 86 647
64 68 39
64 79 255
64 77 470
64 65 883
64 93 53
64 89 851
64 75 805
64 91 838
64 66 903
64 87 943
64 100 540
64 99 603
64 98 935
64 85 772
64 72 837
64 74 900
64 69 389
65 88 133
65 91 724
65 87 206
65 96 889
65 76 467
65 67 191
65 69 855
65 81 5
65 82 9
65 92 416
65 77 841
65 93 599
65 80 555
65 72 42
65 85 988
65 100 472
65 70 31
65 84 972
65 95 459
65 99 777
65 68 804
65 73 880
65 83 235
65 86 401
65 94 976
65 78 193
65 71 591
65 90 343
65 74 253
65 97 93
65 89 172
65 79 619
65 66 727
66 91 812
66 70 321
66 90 477
66 75 409
66 68 587
66 69 234
66 87 805
66 72 3
66 89 29
66 80 937
66 93 395
66 78 814
66 73 878
66 94 275
66 92 76
66 86 31
66 99 564
66 96 256
66 95 302
66 77 220
66 88 355
66 84 735
66 81 364
66 100 751
66 98 668
66 83 389
66 85 568
66 67 27
66 82 177
66 74 234
66 79 599
66 76 318
66 97 229
67 84 25
67 81 801
67 82 503
67 78 248
67 99 894
67 85 178
67 75 186
67 98 54
67 91 661
67 95 674
67 93 461
67 76 822
67 86 461
67 72 581
67 90 94
67 94 767
67 77 934
67 80 682
67 88 209
67 92 378
67 97 43
67 68 719
67 70 905
67 71 574
67 83 164
67 87 389
67 69 948
67 74 794
67 96 324
67 100 511
68 75 457
68 84 151
68 92 414
68 70 395
68 96 402
68 78 529
68 89 994
68 87 18
68 97 275
68 81 447
68 80 945
68 76 436
68 73 289
68 99 629
68 69 633
68 93 941
68 90 419
68 82 286
68 71 435
68 88 905
68 86 159
68 98 602
68 85 705
68 91 257
68 79 484
68 83 899
68 77 956
68 95 905
68 72 28
69 93 230
69 85 620
69 70 15
69 74 393
69 100 296
69 95 559
69 86 761
69 73 867
69 88 500
69 80 159
69 71 89
69 78 263
69 89 716
69 87 453
69 92 843
69 77 449
69 75 254
69 98 346
69 83 895
69 82 654
69 81 931
69 90 563
69 84 79
69 72 670
69 91 573
69 79 488
69 99 688
69 97 602
70 93 438
70 73 658
70 78 985
70 76 997
70 96 728
70 94 177
70 79 336
70 87 981
70 86 260
70 75 152
70 91 655
70 95 164
70 77 845
70 83 64
70 84 205
70 81 347
70 80 251
70 71 145
70 82 103
70 89 290
70 99 950
70 92 167
70 74 392
70 88 12
70 72 702
70 100 927
70 90 480
71 86 695
71 97 572
71 90 741
71 83 758
71 78 983
71 73 824
71 99 170
71 79 278
71 75 476
71 85 307
71 91 111
71 80 880
71 98 613
71 84 411
71 95 963
71 72 444
71 93 364
71 82 230
71 92 68
71 77 178
71 81 733
71 100 50
71 96 6
71 89 505
71 87 162
71 88 272
71 76 517
72 84 778
72 92 491
72 90 314
72 95 480
72 83 810
72 89 141
72 99 84
72 75 640
72 81 427
72 96 689
72 98 786
72 86 405
72 77 504
72 87 683
72 73 997
72 79 949
72 80 455
72 76 361
72 100 259
72 91 707
72 74 593
72 78 72
72 88 355
72 82 292
72 85 441
73 91 403
73 88 549
73 95 118
73 93 251
73 89 82
73 75 12
73 96 24
73 78 564
73 85 95
73 84 774
73 77 306
73 79 72
73 90 523
73 92 652
73 81 273
73 86 914
73 83 205
73 94 10
73 82 493
73 74 112
73 100 702
73 80 126
73 99 936
73 76 293
74 100 896
74 91 603
74 81 197
74 80 997
74 84 683
74 89 439
74 79 958
74 92 911
74 97 586
74 94 304
74 90 915
74 86 988
74 96 776
74 99 964
74 82 723
74 78 858
74 95 396
74 88 913
74 75 273
74 76 626
74 77 700
74 83 148
74 87 430
74 85 159
75 96 488
75 89 396
75 88 34
75 93 905
75 81 316
75 86 619
75 91 350
75 77 839
75 100 262
75 99 2
75 82 838
75 95 524
75 80 212
75 94 249
75 97 176
75 92 60
75 85 937
75 84 161
75 79 245
75 90 51
75 83 868
75 98 330
75 78 445
76 78 41
76 93 466
76 94 386
76 86 258
76 87 553
76 97 946
76 82 814
76 100 689
76 95 980
76 79 809
76 84 133
76 96 218
76 89 44
76 99 285
76 77 80
76 92 55
76 91 358
76 98 404
76 90 461
76 88 0
76 81 134
76 85 969
77 100 57
77 91 203
77 79 688
77 78 133
77 84 51
77 95 820
77 88 586
77 81 308
77 98 1000
77 96 920
77 83 701
77 92 950
77 90 63
77 94 135
77 99 75
77 86 42
77 85 280
77 97 162
77 80 161
77 89 789
77 93 345
77 87 10
78 90 29
78 94 44
78 79 317
78 99 641
78 87 743
78 86 532
78 81 392
78 83 234
78 80 539
78 97 652
78 95 349
78 98 697
78 88 580
78 100 290
78 89 701
78 96 908
78 82 800
78 85 60
78 91 13
79 85 185
79 91 334
79 97 975
79 84 987
79 94 672
79 98 370
79 83 251
79 96 195
79 95 846
79 90 486
79 89 684
79 81 678
79 92 365
79 99 1
79 88 716
79 87 24
79 82 425
79 100 956
80 94 860
80 98 664
80 89 807
80 82 12
80 93 93
80 99 538
80 88 536
80 92 380
80 95 73
80 90 506
80 87 699
80 86 986
80 97 68
80 96 721
80 85 770
80 84 918
80 83 61
80 91 196
80 81 239
80 100 490
81 100 746
81 98 394
81 97 554
81 93 491
81 83 676
81 87 497
81 92 517
81 99 585
81 85 93
81 89 68
81 86 445
81 91 414
81 94 803
81 96 816
81 90 262
81 84 462
81 88 415
81 82 742
82 97 733
82 92 659
82 88 189
82 86 742
82 84 54
82 96 627
82 98 263
82 83 385
82 93 169
82 89 817
82 90 265
82 85 865
82 99 635
82 94 676
82 91 230
82 95 230
82 100 834
83 96 202
83 86 102
83 92 773
83 84 77
83 88 244
83 85 997
83 93 648
83 98 518
83 97 960
83 89 683
83 100 387
83 91 245
83 90 422
83 87 913
83 94 747
83 99 631
84 85 292
84 89 383
84 86 427
84 90 479
84 88 958
84 99 652
84 96 222
84 98 79
84 93 65
84 95 900
84 97 236
84 91 790
84 100 483
85 98 377
85 99 275
85 87 976
85 93 129
85 86 554
85 96 614
85 88 393
85 97 508
85 91 418
85 100 460
85 89 587
85 95 356
86 91 62
86 97 83
86 90 867
86 87 647
86 96 729
86 94 207
86 93 565
86 95 830
86 92 91
86 99 538
86 100 68
86 98 183
86 88 447
87 99 37
87 90 668
87 94 357
87 91 498
87 98 220
87 97 949
87 88 326
87 89 880
87 96 31
87 93 674
87 95 584
87 92 217
88 93 86
88 97 214
88 95 140
88 89 441
88 100 267
88 91 284
88 94 904
88 92 436
88 90 296
88 96 896
88 98 492
88 99 372
89 96 810
89 92 499
89 98 959
89 91 735
89 93 560
89 99 307
89 95 705
89 100 211
89 94 515
89 97 951
90 91 471
90 97 248
90 100 937
90 93 248
90 96 480
90 94 956
90 98 313
90 95 13
90 99 772
91 100 663
91 96 427
91 99 471
91 92 548
91 98 337
91 97 830
91 94 146
91 95 172
91 93 474
92 96 676
92 98 494
92 93 223
92 94 411
92 95 176
92 100 478
92 97 942
92 99 172
93 94 84
93 99 303
93 97 215
93 98 595
93 95 743
94 97 712
94 99 439
94 100 937
94 96 83
95 97 703
95 98 621
95 100 185
95 96 403
95 99 995
96 97 985
96 98 832
96 100 618
96 99 685
97 99 3
97 100 934
97 98 922
98 100 232
98 99 805
99 100 144
