100
3800
1 66 218
1 34 1
1 42 359
1 14 648
1 62 815
1 73 77
1 70 195
1 43 875
1 60 189
1 49 704
1 12 473
1 61 91
1 75 278
1 28 198
1 5 319
1 2 451
1 54 961
1 78 599
1 24 41
1 51 121
1 76 552
1 55 802
1 81 723
1 31 142
1 47 99
1 99 628
1 30 846
1 93 773
1 69 795
1 56 336
1 35 548
1 22 376
1 41 661
1 65 638
1 98 115
1 92 376
1 58 739
1 59 637
1 80 515
1 48 941
1 96 326
1 39 833
1 64 591
1 8 329
1 57 278
1 27 252
1 16 520
1 10 136
1 91 305
1 50 477
1 46 684
1 84 162
1 20 320
1 9 105
1 45 702
1 29 799
1 97 754
1 68 703
1 44 955
1 88 879
1 36 295
1 95 750
1 72 686
1 53 120
1 63 210
1 23 863
1 90 222
1 7 403
1 52 527
1 85 891
1 4 167
1 71 715
1 67 769
1 37 662
1 19 372
1 82 239
1 83 782
2 47 547
2 19 716
2 49 596
2 77 451
2 14 323
2 60 711
2 17 830
2 97 481
2 31 856
2 86 642
2 3 649
2 71 68
2 52 130
2 93 453
2 94 470
2 20 564
2 74 423
2 85 929
2 62 232
2 26 952
2 41 43
2 92 466
2 42 350
2 82 677
2 96 97
2 68 103
2 99 942
2 30 321
2 100 762
2 11 449
2 56 628
2 34 798
2 79 747
2 35 179
2 28 303
2 25 215
2 44 925
2 65 871
2 53 702
2 75 298
2 67 635
2 48 323
2 37 953
2 43 490
2 95 854
2 63 817
2 80 83
2 6 633
2 23 488
2 72 771
2 98 221
2 64 579
2 87 331
2 4 309
2 12 746
2 22 343
2 27 804
2 89 387
2 51 244
2 61 777
2 16 669
2 7 658
2 8 140
2 70 701
2 9 643
2 81 729
2 39 274
2 55 336
2 10 344
2 66 22
2 91 364
3 13 425
3 69 995
3 80 700
3 56 141
3 91 711
3 11 465
3 58 543
3 42 909
3 5 135
3 81 54
3 34 466
3 49 809
3 51 454
3 19 635
3 35 407
3 72 699
3 73 777
3 92 809
3 17 991
3 9 579
3 52 963
3 82 609
3 38 943
3 97 238
3 16 471
3 78 524
3 62 429
3 40 985
3 55 13
3 44 790
3 7 949
3 79 338
3 77 860
3 65 153
3 12 796
3 46 824
3 63 86
3 15 80
3 10 709
3 67 779
3 60 685
3 43 8
3 20 677
3 71 924
3 100 393
3 4 208
3 22 869
3 68 531
3 28 356
3 6 206
3 30 370
3 59 11
3 90 319
3 70 916
3 95 668
3 23 429
3 18 177
3 94 962
3 98 601
3 26 207
3 29 892
3 53 581
3 99 870
3 64 517
3 31 545
3 88 32
3 45 900
3 25 616
3 37 420
3 85 336
3 48 635
3 41 660
4 62 112
4 56 926
4 52 153
4 85 74
4 18 928
4 19 898
4 55 774
4 32 917
4 7 827
4 74 776
4 11 856
4 5 837
4 80 617
4 77 811
4 82 627
4 92 943
4 75 105
4 38 892
4 70 90
4 69 873
4 59 964
4 8 642
4 49 657
4 10 416
4 33 73
4 15 690
4 17 165
4 28 774
4 29 298
4 76 405
4 65 783
4 45 778
4 66 205
4 78 772
4 35 78
4 50 285
4 98 902
4 86 107
4 25 794
4 13 960
4 81 723
4 87 684
4 34 233
4 68 422
4 37 96
4 42 165
4 73 875
4 31 421
4 43 875
4 44 325
4 57 698
4 71 934
4 24 338
4 89 412
4 83 582
4 27 833
4 67 449
4 6 16
4 20 541
4 26 128
4 94 485
4 53 220
4 95 708
4 93 761
4 90 648
4 9 877
4 46 842
4 61 728
4 47 92
4 22 7
4 88 100
4 12 396
4 39 720
4 14 59
4 96 566
5 80 416
5 51 151
5 23 269
5 9 410
5 8 345
5 44 924
5 30 893
5 88 936
5 87 573
5 29 946
5 60 781
5 10 242
5 46 218
5 57 131
5 61 652
5 72 285
5 7 714
5 36 326
5 14 711
5 70 226
5 98 535
5 22 497
5 20 5
5 19 799
5 79 964
5 34 808
5 96 510
5 92 199
5 15 646
5 65 81
5 55 601
5 71 668
5 54 442
5 45 60
5 64 502
5 33 738
5 94 531
5 52 443
5 56 696
5 82 656
5 97 849
5 85 608
5 37 202
5 100 406
5 53 26
5 75 98
5 86 562
5 66 494
5 32 85
5 50 768
5 90 493
5 28 100
5 58 466
5 24 59
5 25 349
5 91 860
5 12 273
5 26 601
5 17 629
5 16 735
5 42 435
5 63 582
5 84 965
5 40 591
5 73 729
5 68 984
5 69 385
5 31 39
5 74 57
5 35 558
5 39 476
5 27 634
5 67 488
5 38 835
5 77 578
5 76 340
5 49 427
5 99 175
5 78 61
6 20 17
6 90 708
6 87 739
6 38 483
6 51 892
6 56 49
6 41 199
6 22 970
6 78 769
6 75 216
6 37 97
6 11 390
6 36 442
6 42 906
6 15 489
6 47 583
6 67 117
6 89 776
6 50 501
6 82 825
6 73 998
6 81 720
6 57 835
6 35 410
6 49 647
6 24 956
6 60 728
6 83 236
6 40 480
6 99 40
6 32 948
6 80 717
6 91 417
6 52 613
6 23 935
6 92 90
6 12 518
6 18 798
6 72 508
6 79 677
6 14 570
6 30 289
6 97 730
6 74 628
6 58 640
6 61 951
6 69 41
6 10 618
6 65 317
6 86 345
6 33 987
6 66 43
6 98 490
6 54 987
6 31 855
6 16 960
6 68 789
6 46 119
6 76 697
6 39 334
6 84 495
6 71 263
6 95 49
6 13 392
6 27 595
6 25 246
6 7 591
6 44 730
6 17 953
6 96 542
7 51 816
7 34 267
7 70 786
7 77 348
7 11 661
7 14 214
7 54 446
7 50 619
7 78 113
7 99 598
7 61 373
7 65 395
7 42 108
7 92 936
7 29 483
7 62 582
7 33 87
7 13 706
7 22 683
7 85 303
7 87 113
7 47 394
7 56 749
7 27 824
7 66 633
7 94 75
7 44 888
7 73 130
7 69 592
7 72 582
7 58 801
7 98 11
7 12 191
7 45 827
7 96 27
7 24 777
7 20 589
7 25 529
7 43 866
7 26 81
7 52 719
7 31 188
7 15 879
7 75 68
7 9 934
7 71 20
7 80 449
7 41 123
7 32 573
7 19 657
7 23 112
7 16 319
7 68 905
7 28 580
7 95 310
7 38 775
7 93 589
7 81 266
7 55 801
7 17 902
7 74 419
7 83 548
7 48 88
7 86 558
7 35 66
7 57 749
7 60 174
7 59 625
7 39 948
7 84 277
7 46 469
7 82 840
8 43 460
8 30 533
8 27 348
8 78 221
8 10 21
8 47 369
8 60 140
8 80 102
8 99 73
8 84 358
8 89 387
8 71 841
8 79 536
8 25 267
8 96 620
8 61 103
8 59 691
8 77 611
8 49 364
8 42 522
8 53 562
8 35 534
8 54 346
8 90 343
8 37 129
8 100 709
8 18 93
8 58 155
8 57 770
8 88 627
8 21 938
8 12 251
8 13 583
8 73 666
8 50 801
8 64 778
8 97 846
8 63 369
8 91 172
8 94 851
8 92 342
8 67 415
8 17 751
8 14 781
8 86 67
8 62 577
8 68 464
8 55 275
8 48 705
8 70 607
8 74 741
8 45 736
8 65 79
8 41 774
8 11 101
8 34 760
8 66 824
8 23 814
8 85 763
8 93 745
8 24 374
8 56 882
8 26 126
8 32 552
8 98 638
8 9 464
8 81 549
8 15 278
8 16 204
8 29 648
8 46 701
8 76 490
8 36 991
9 32 923
9 57 696
9 27 835
9 87 419
9 41 135
9 75 97
9 94 128
9 14 860
9 65 602
9 89 913
9 96 948
9 20 682
9 67 300
9 52 973
9 24 828
9 72 933
9 74 958
9 78 766
9 86 191
9 79 949
9 39 104
9 58 880
9 95 441
9 62 870
9 73 857
9 70 972
9 10 428
9 68 761
9 34 838
9 16 493
9 35 480
9 23 723
9 11 613
9 45 964
9 63 284
9 42 602
9 92 971
9 93 609
9 99 658
9 21 483
9 98 629
9 60 633
9 13 707
9 18 931
9 47 541
9 40 326
9 36 291
9 69 772
9 31 19
9 53 630
9 33 898
9 44 65
9 55 985
9 43 896
9 19 243
9 28 544
9 37 196
9 49 676
9 77 564
9 26 662
9 29 605
9 50 93
9 51 444
9 22 917
9 85 286
9 15 618
9 81 87
9 38 819
10 79 614
10 96 507
10 92 696
10 48 78
10 66 392
10 18 679
10 19 126
10 69 902
10 77 846
10 75 605
10 37 780
10 51 563
10 65 751
10 80 247
10 70 632
10 88 305
10 91 874
10 46 922
10 99 580
10 41 84
10 82 297
10 93 484
10 83 952
10 97 329
10 16 519
10 32 512
10 21 741
10 62 994
10 68 332
10 52 588
10 94 667
10 73 934
10 87 358
10 71 7
10 25 655
10 11 339
10 86 117
10 27 274
10 23 729
10 26 379
10 74 847
10 44 594
10 42 120
10 15 513
10 30 120
10 35 31
10 72 860
10 28 962
10 63 347
10 61 126
10 34 251
10 85 104
10 84 922
10 40 784
10 38 66
10 95 982
10 54 243
10 89 148
10 90 564
10 47 711
10 31 288
10 39 692
10 60 12
10 14 56
10 76 814
10 17 320
10 22 222
10 49 206
10 43 308
10 33 585
10 98 325
10 29 768
10 50 64
10 81 594
10 20 660
11 91 87
11 18 264
11 46 812
11 70 561
11 71 115
11 31 517
11 36 402
11 58 970
11 43 344
11 29 700
11 83 681
11 98 120
11 12 385
11 55 642
11 79 40
11 20 604
11 88 267
11 84 240
11 86 438
11 27 490
11 63 326
11 95 925
11 47 982
11 26 570
11 72 588
11 69 102
11 48 664
11 64 161
11 52 514
11 61 250
11 53 199
11 19 770
11 14 847
11 99 750
11 37 734
11 13 912
11 42 769
11 68 299
11 17 413
11 78 471
11 96 925
11 25 229
11 89 516
11 97 984
11 50 909
11 35 983
11 87 352
11 40 293
11 21 212
11 41 965
11 33 461
11 24 405
11 74 590
11 51 676
11 54 963
11 90 202
11 92 351
11 73 228
11 22 958
11 56 979
11 100 153
11 85 448
11 60 20
11 81 481
11 15 214
11 57 365
11 28 488
11 30 522
11 94 23
11 93 199
11 77 898
11 44 567
11 65 976
12 79 314
12 80 601
12 55 702
12 39 827
12 47 927
12 65 696
12 94 388
12 15 892
12 37 116
12 93 773
12 66 741
12 71 373
12 52 434
12 43 171
12 62 416
12 68 548
12 48 226
12 31 402
12 20 968
12 34 76
12 49 359
12 45 737
12 59 676
12 36 89
12 70 144
12 38 322
12 32 140
12 18 438
12 82 471
12 29 607
12 35 171
12 27 951
12 42 460
12 67 660
12 86 865
12 13 927
12 51 248
12 14 379
12 44 582
12 25 228
12 26 193
12 90 768
12 28 646
12 89 378
12 75 993
12 95 901
12 17 432
12 53 267
12 76 473
12 83 398
12 30 322
12 99 597
12 77 716
12 60 525
12 78 173
12 40 775
12 56 899
12 21 129
12 41 748
12 81 143
12 69 888
12 63 719
12 88 872
12 64 825
12 33 665
12 54 921
12 87 729
12 50 488
13 53 641
13 33 714
13 61 271
13 82 409
13 31 542
13 70 399
13 91 718
13 22 753
13 56 723
13 28 843
13 54 361
13 27 73
13 47 596
13 50 621
13 73 992
13 88 255
13 60 353
13 63 334
13 48 710
13 76 559
13 78 590
13 71 146
13 32 806
13 26 867
13 81 405
13 99 691
13 25 364
13 87 557
13 58 216
13 29 716
13 64 248
13 46 304
13 30 95
13 65 377
13 36 13
13 83 283
13 77 392
13 23 332
13 69 485
13 52 499
13 18 220
13 49 693
13 86 431
13 96 796
13 55 2
13 67 159
13 17 420
13 19 964
13 15 613
13 97 806
13 21 68
13 84 171
13 57 600
13 89 887
13 74 685
13 92 331
13 20 873
13 85 527
13 68 346
13 16 529
13 95 365
13 62 752
13 79 904
13 24 183
13 34 880
13 59 551
13 72 31
13 44 858
13 45 14
14 49 699
14 59 7
14 77 615
14 30 892
14 47 633
14 51 784
14 48 336
14 90 596
14 84 389
14 16 78
14 65 44
14 64 200
14 19 190
14 57 921
14 72 954
14 26 396
14 87 715
14 33 911
14 55 776
14 53 185
14 29 406
14 94 150
14 100 800
14 22 171
14 70 811
14 78 453
14 18 696
14 68 455
14 80 678
14 91 896
14 56 92
14 60 733
14 21 443
14 86 842
14 83 780
14 28 94
14 32 46
14 52 725
14 92 876
14 95 197
14 89 132
14 88 583
14 82 497
14 79 685
14 66 22
14 76 46
14 50 641
14 96 474
14 45 579
14 62 60
14 43 358
14 24 457
14 41 554
14 69 843
14 25 74
14 73 898
14 37 2
14 35 676
14 36 663
14 63 91
14 46 8
14 40 689
14 61 26
14 23 323
14 97 180
14 85 132
14 81 638
15 78 254
15 100 484
15 50 461
15 72 214
15 35 982
15 60 935
15 38 258
15 65 616
15 42 521
15 34 519
15 21 283
15 93 441
15 40 265
15 81 297
15 55 459
15 95 381
15 23 500
15 83 20
15 37 717
15 56 519
15 92 730
15 88 134
15 80 853
15 73 686
15 36 840
15 46 139
15 89 581
15 90 132
15 52 729
15 16 912
15 68 859
15 49 239
15 25 998
15 19 544
15 63 975
15 29 114
15 32 880
15 70 501
15 87 151
15 66 550
15 43 435
15 17 776
15 47 240
15 24 291
15 30 914
15 97 436
15 62 479
15 82 519
15 26 634
15 20 675
15 58 960
15 31 989
15 94 77
15 33 703
15 27 311
15 84 922
15 79 449
15 48 636
15 76 529
15 53 713
15 45 473
15 75 404
15 22 998
15 39 842
15 99 814
15 74 969
15 77 196
15 57 134
15 98 260
15 51 868
15 64 25
16 88 235
16 35 831
16 40 83
16 24 242
16 56 482
16 66 484
16 61 759
16 50 72
16 73 443
16 68 334
16 92 137
16 78 297
16 44 3
16 76 145
16 18 749
16 94 626
16 97 463
16 47 255
16 32 173
16 19 69
16 74 813
16 45 900
16 58 81
16 85 280
16 54 827
16 39 494
16 53 523
16 84 164
16 80 953
16 57 365
16 55 458
16 100 960
16 99 33
16 34 604
16 70 215
16 30 349
16 59 516
16 23 679
16 49 632
16 29 8
16 21 270
16 95 886
16 75 596
16 83 874
16 26 53
16 25 235
16 43 161
16 22 96
16 52 271
16 48 821
16 93 476
16 31 205
16 71 769
16 36 330
16 72 212
16 65 200
16 91 951
16 60 206
16 96 346
16 38 326
16 46 14
16 33 290
16 37 777
16 20 146
16 79 958
16 87 415
16 42 323
16 98 490
17 88 656
17 84 862
17 89 208
17 65 569
17 53 830
17 45 62
17 72 225
17 33 877
17 22 742
17 62 784
17 34 800
17 78 812
17 28 981
17 61 304
17 57 381
17 96 99
17 46 965
17 55 251
17 24 698
17 85 1
17 70 601
17 51 896
17 94 757
17 43 183
17 98 777
17 93 640
17 90 898
17 30 44
17 23 261
17 79 532
17 18 923
17 27 305
17 68 576
17 31 500
17 77 205
17 83 477
17 86 76
17 66 66
17 48 846
17 40 36
17 75 622
17 42 246
17 25 900
17 95 914
17 52 805
17 71 360
17 81 155
17 58 279
17 91 482
17 76 950
17 100 379
17 39 69
17 21 822
17 80 479
17 74 99
17 82 322
17 69 833
17 99 949
17 49 843
17 26 877
17 38 507
17 92 845
17 87 40
17 29 697
17 35 518
17 59 695
18 99 833
18 70 438
18 35 35
18 21 299
18 40 383
18 56 800
18 62 595
18 77 964
18 36 768
18 47 495
18 89 119
18 85 678
18 26 607
18 29 244
18 76 189
18 45 540
18 73 403
18 71 474
18 23 746
18 58 238
18 92 995
18 63 907
18 91 853
18 54 402
18 31 674
18 86 340
18 33 221
18 34 356
18 80 842
18 19 549
18 79 683
18 46 795
18 69 216
18 82 586
18 66 281
18 20 674
18 22 162
18 44 362
18 38 527
18 96 650
18 42 504
18 27 224
18 78 765
18 48 392
18 75 89
18 100 367
18 57 206
18 32 179
18 94 389
18 30 328
18 64 553
18 87 261
18 39 71
18 43 225
18 68 190
18 28 543
18 53 513
18 67 252
18 52 650
18 72 387
18 74 646
18 98 663
18 90 822
18 51 227
19 84 976
19 63 853
19 61 853
19 68 288
19 77 541
19 30 637
19 51 596
19 98 291
19 80 837
19 45 444
19 83 299
19 28 477
19 56 426
19 52 416
19 62 503
19 86 81
19 37 437
19 26 32
19 29 698
19 96 672
19 22 402
19 90 379
19 94 922
19 33 419
19 88 98
19 55 364
19 89 931
19 65 802
19 66 375
19 92 703
19 49 584
19 75 404
19 47 265
19 53 921
19 67 680
19 27 539
19 97 980
19 78 440
19 58 258
19 70 26
19 40 235
19 38 942
19 44 350
19 99 365
19 76 56
19 54 626
19 69 996
19 72 535
19 23 996
19 42 907
19 85 525
19 50 820
19 31 655
19 87 174
19 60 662
19 21 953
19 79 53
19 36 169
19 41 205
19 100 438
20 50 154
20 44 545
20 73 326
20 34 344
20 86 389
20 51 438
20 53 184
20 63 575
20 88 204
20 70 708
20 74 187
20 87 965
20 89 820
20 45 394
20 46 137
20 69 252
20 81 606
20 97 421
20 35 748
20 84 682
20 40 365
20 80 798
20 61 562
20 43 349
20 27 257
20 95 875
20 59 54
20 56 825
20 29 750
20 55 303
20 82 190
20 38 520
20 52 273
20 65 737
20 21 705
20 60 675
20 78 25
20 72 540
20 48 677
20 79 546
20 28 237
20 32 944
20 58 657
20 26 794
20 22 774
20 54 434
20 62 998
20 33 793
20 37 470
20 36 518
20 94 935
20 30 679
20 31 713
20 100 770
20 77 735
20 76 435
20 41 300
20 83 814
20 39 597
20 23 122
20 96 350
20 91 614
20 98 892
21 85 483
21 66 773
21 51 978
21 80 206
21 95 526
21 91 341
21 82 198
21 49 890
21 70 725
21 73 305
21 99 250
21 100 815
21 39 909
21 33 598
21 38 994
21 68 333
21 25 668
21 97 851
21 23 682
21 36 979
21 57 589
21 88 919
21 56 427
21 84 990
21 34 472
21 35 528
21 47 359
21 69 822
21 79 85
21 90 471
21 71 852
21 29 282
21 45 770
21 22 255
21 62 105
21 53 531
21 40 377
21 72 717
21 46 423
21 31 707
21 94 930
21 42 134
21 83 460
21 64 59
21 89 415
21 37 777
21 76 849
21 96 269
21 81 640
21 98 749
21 78 476
21 27 736
21 63 565
21 67 811
21 74 164
21 50 250
22 96 265
22 69 15
22 76 422
22 70 976
22 47 590
22 26 956
22 45 477
22 87 32
22 55 739
22 38 251
22 46 756
22 74 709
22 78 829
22 42 392
22 29 896
22 41 694
22 58 577
22 44 351
22 66 879
22 90 754
22 30 864
22 33 499
22 57 321
22 31 595
22 62 317
22 94 717
22 77 680
22 43 711
22 100 297
22 85 215
22 60 146
22 51 606
22 49 789
22 37 838
22 35 596
22 91 110
22 75 435
22 67 595
22 86 510
22 65 744
22 64 369
22 23 807
22 79 989
22 40 612
22 56 242
22 34 828
22 88 329
22 73 119
22 93 756
22 63 36
22 82 297
22 48 74
22 32 345
22 84 662
22 92 835
22 95 682
23 72 540
23 67 228
23 33 633
23 32 915
23 94 211
23 65 699
23 68 920
23 37 307
23 49 643
23 93 413
23 96 634
23 77 899
23 98 440
23 79 66
23 47 520
23 35 504
23 58 672
23 100 914
23 86 825
23 62 708
23 69 491
23 95 664
23 89 708
23 40 852
23 28 635
23 29 267
23 24 918
23 63 657
23 78 406
23 46 872
23 71 593
23 80 141
23 39 886
23 42 330
23 50 386
23 64 281
23 90 106
23 45 966
23 34 280
23 99 561
23 59 951
23 30 200
23 75 81
23 88 228
23 73 429
23 57 689
23 44 27
23 61 884
23 70 708
23 66 325
23 27 40
23 84 313
23 48 222
23 92 437
23 97 511
23 76 106
23 41 122
23 56 305
23 55 879
24 98 995
24 57 565
24 49 291
24 25 286
24 79 756
24 92 987
24 29 203
24 67 473
24 91 996
24 34 774
24 77 312
24 90 877
24 100 612
24 95 935
24 85 838
24 78 271
24 93 777
24 56 640
24 86 381
24 74 533
24 52 815
24 30 511
24 43 586
24 47 179
24 40 11
24 51 995
24 37 690
24 35 368
24 83 783
24 33 328
24 39 941
24 97 990
24 71 307
24 99 373
24 27 122
24 50 767
24 88 979
24 68 986
24 75 316
24 84 393
24 32 4
24 72 310
24 62 837
24 46 429
24 26 970
24 48 110
24 73 928
24 42 702
24 69 994
24 94 650
24 55 697
24 64 246
25 40 980
25 94 94
25 27 74
25 54 627
25 95 354
25 62 293
25 88 639
25 49 196
25 46 563
25 66 272
25 37 598
25 42 818
25 56 114
25 72 943
25 86 256
25 92 998
25 83 790
25 96 903
25 63 713
25 74 369
25 93 310
25 61 679
25 98 113
25 71 59
25 70 802
25 26 315
25 68 17
25 90 157
25 39 408
25 99 772
25 69 673
25 30 257
25 45 643
25 31 152
25 89 856
25 55 316
25 38 114
25 52 533
25 48 465
25 67 807
25 97 460
25 36 849
25 60 525
25 35 214
25 73 401
25 34 521
25 87 890
25 53 728
25 76 612
25 84 216
25 65 897
25 78 44
25 80 689
25 58 623
25 41 664
25 29 885
25 75 327
26 80 125
26 65 211
26 81 726
26 84 742
26 89 942
26 59 909
26 72 76
26 83 800
26 55 303
26 54 258
26 87 854
26 96 745
26 100 965
26 90 912
26 85 961
26 92 843
26 57 477
26 34 413
26 48 324
26 70 632
26 56 740
26 42 351
26 64 696
26 82 793
26 95 447
26 27 672
26 60 245
26 41 761
26 75 285
26 37 304
26 88 142
26 47 648
26 49 239
26 61 126
26 32 410
26 93 683
26 58 22
26 46 23
26 67 110
26 86 521
26 77 993
26 31 495
26 29 739
26 50 216
26 71 492
26 91 333
26 33 291
26 98 297
26 73 696
26 52 614
26 99 0
26 68 144
26 51 532
26 69 863
26 74 361
27 46 356
27 72 352
27 68 626
27 51 166
27 29 180
27 91 877
27 82 876
27 57 117
27 39 187
27 71 540
27 69 344
27 30 664
27 81 137
27 43 702
27 88 912
27 61 586
27 100 75
27 65 85
27 36 400
27 28 710
27 63 196
27 49 641
27 48 606
27 37 955
27 54 145
27 34 248
27 97 970
27 77 832
27 52 833
27 41 845
27 60 889
27 58 57
27 85 128
27 86 260
27 76 621
27 62 658
27 40 11
27 70 433
27 31 42
27 84 694
27 94 834
27 44 891
27 78 617
27 80 59
27 95 837
27 42 140
27 66 473
27 75 182
27 47 772
27 74 803
27 38 430
27 67 565
27 89 865
27 33 438
28 99 510
28 54 914
28 86 13
28 38 947
28 43 561
28 58 973
28 71 571
28 68 432
28 32 723
28 45 424
28 90 196
28 30 804
28 31 948
28 94 293
28 62 355
28 52 104
28 56 118
28 72 549
28 97 478
28 77 712
28 60 199
28 49 365
28 76 853
28 47 952
28 78 996
28 80 948
28 88 278
28 59 135
28 37 188
28 70 583
28 84 376
28 44 276
28 61 721
28 39 734
28 34 597
28 40 834
28 81 300
28 57 444
28 36 434
28 33 375
28 29 271
28 63 132
28 66 517
28 51 307
28 98 731
28 74 538
28 89 179
28 53 589
28 73 379
28 50 659
28 91 571
28 69 438
29 79 706
29 80 835
29 74 771
29 48 311
29 64 350
29 98 759
29 60 887
29 46 431
29 89 504
29 47 81
29 82 548
29 93 551
29 43 426
29 90 90
29 53 328
29 97 894
29 88 11
29 72 277
29 57 804
29 63 615
29 58 273
29 45 806
29 68 322
29 91 969
29 55 992
29 39 840
29 70 855
29 31 975
29 78 704
29 67 209
29 35 185
29 50 722
29 75 147
29 87 159
29 100 756
29 85 844
29 76 51
29 66 786
29 56 323
29 37 426
29 42 349
29 52 507
29 49 988
29 34 775
29 77 598
29 96 161
29 38 887
29 41 906
29 30 208
29 51 429
29 73 432
29 92 783
29 65 633
29 84 641
29 69 114
29 54 17
29 36 852
29 61 720
30 55 749
30 91 675
30 90 777
30 39 170
30 76 947
30 41 826
30 67 236
30 70 241
30 78 353
30 48 538
30 72 118
30 63 742
30 81 700
30 75 949
30 38 816
30 85 26
30 94 425
30 73 968
30 47 772
30 86 529
30 74 505
30 89 760
30 53 454
30 57 392
30 82 627
30 100 472
30 31 960
30 34 943
30 80 660
30 61 229
30 66 128
30 60 627
30 98 671
30 62 879
30 59 928
30 37 87
30 54 355
30 84 286
30 43 419
30 35 935
30 99 480
30 64 265
30 36 438
30 45 787
30 42 318
30 58 528
30 32 384
30 79 888
30 87 177
30 44 823
30 51 252
31 41 8
31 49 730
31 75 813
31 63 338
31 66 995
31 74 832
31 95 717
31 94 132
31 46 357
31 37 846
31 80 319
31 47 574
31 71 782
31 86 482
31 52 871
31 70 57
31 72 690
31 33 710
31 83 646
31 68 362
31 34 774
31 90 775
31 91 13
31 76 476
31 39 644
31 97 92
31 85 527
31 98 139
31 92 321
31 43 18
31 78 432
31 38 375
31 51 118
31 67 34
31 60 442
31 45 275
31 69 634
31 82 582
31 57 396
31 79 785
31 40 79
31 88 254
31 54 582
31 56 302
31 77 283
31 48 80
31 99 187
31 93 768
31 62 536
31 64 669
31 59 415
31 42 26
31 87 706
31 84 885
32 79 268
32 38 293
32 70 524
32 87 993
32 93 86
32 52 891
32 44 777
32 64 167
32 51 445
32 75 558
32 86 464
32 50 492
32 36 302
32 65 109
32 85 238
32 62 599
32 47 149
32 84 547
32 39 134
32 55 670
32 100 660
32 63 493
32 90 267
32 35 398
32 81 555
32 88 82
32 68 389
32 42 995
32 89 42
32 73 954
32 49 920
32 76 292
32 57 586
32 46 33
32 58 312
32 82 703
32 45 189
32 77 505
32 53 365
32 72 896
32 71 278
32 96 427
32 41 522
32 60 292
32 40 621
32 48 605
32 34 56
32 67 221
32 94 159
32 56 909
32 99 349
32 92 385
33 82 397
33 74 757
33 52 788
33 93 958
33 66 204
33 88 838
33 54 537
33 78 806
33 55 883
33 47 131
33 83 639
33 38 144
33 86 95
33 100 421
33 96 640
33 56 288
33 84 882
33 67 219
33 35 81
33 79 381
33 59 360
33 80 61
33 44 701
33 77 72
33 75 21
33 69 913
33 43 544
33 94 598
33 34 399
33 87 221
33 39 178
33 71 917
33 41 705
33 63 612
33 61 978
33 65 3
33 58 992
33 92 446
33 37 883
33 62 539
33 48 91
33 50 547
33 57 769
33 85 488
33 46 927
33 99 958
33 76 478
33 64 680
33 97 788
33 81 755
33 40 168
33 98 283
33 49 741
33 42 853
33 90 412
33 45 920
33 70 572
33 68 909
34 73 952
34 40 609
34 82 944
34 85 39
34 67 215
34 55 241
34 63 579
34 86 138
34 59 45
34 84 106
34 71 340
34 62 125
34 54 733
34 35 705
34 46 293
34 95 937
34 78 810
34 100 247
34 61 614
34 79 782
34 66 968
34 92 760
34 36 188
34 48 856
34 43 408
34 88 545
34 60 22
34 93 703
34 64 755
34 58 326
34 65 250
34 72 615
34 77 521
34 47 388
34 41 987
34 97 104
34 42 776
34 56 702
34 39 837
34 94 463
34 87 427
34 53 408
34 51 131
34 74 237
34 70 209
34 50 38
34 69 88
34 57 449
34 37 292
34 38 767
34 45 374
34 76 138
34 90 495
35 72 955
35 70 856
35 100 324
35 38 612
35 78 624
35 96 740
35 46 143
35 83 473
35 48 760
35 63 828
35 90 364
35 60 38
35 62 310
35 61 751
35 65 37
35 76 146
35 58 11
35 68 457
35 66 533
35 95 872
35 86 202
35 53 703
35 82 437
35 73 887
35 57 916
35 77 868
35 93 239
35 98 441
35 64 680
35 97 273
35 50 685
35 55 816
35 88 825
35 80 655
35 56 105
35 99 289
35 41 871
35 47 141
35 75 561
35 42 962
35 92 344
35 79 398
35 87 843
35 59 513
35 51 712
35 71 939
35 44 966
35 54 699
35 37 284
35 91 421
35 36 90
35 52 908
35 67 665
35 85 555
35 94 559
36 100 155
36 72 191
36 39 774
36 66 501
36 76 948
36 82 621
36 54 547
36 83 780
36 64 541
36 77 747
36 57 352
36 53 997
36 60 623
36 95 580
36 93 277
36 99 305
36 65 310
36 80 270
36 59 875
36 73 855
36 52 487
36 48 905
36 43 321
36 44 355
36 84 313
36 75 895
36 42 592
36 97 614
36 51 988
36 91 731
36 47 802
36 74 359
36 63 90
36 70 864
36 69 512
36 96 410
36 68 407
36 79 201
36 45 318
36 71 981
36 37 847
36 67 268
36 88 53
36 41 679
37 52 408
37 89 876
37 51 931
37 45 44
37 91 525
37 81 338
37 96 859
37 93 559
37 73 490
37 92 485
37 44 779
37 100 656
37 94 196
37 40 179
37 85 258
37 87 502
37 58 484
37 56 476
37 88 980
37 72 401
37 62 691
37 68 310
37 47 30
37 74 801
37 61 778
37 79 240
37 84 347
37 90 522
37 43 386
37 77 353
37 64 657
37 60 659
37 63 157
37 71 760
37 67 356
37 57 230
37 95 112
37 41 986
37 83 688
37 82 572
37 48 48
37 53 623
37 50 607
37 39 68
37 59 232
38 57 494
38 53 938
38 68 86
38 86 10
38 64 310
38 100 175
38 44 643
38 43 803
38 52 256
38 50 22
38 82 44
38 56 697
38 70 666
38 72 103
38 80 865
38 40 638
38 51 656
38 90 275
38 62 758
38 39 417
38 78 34
38 76 678
38 95 342
38 60 407
38 55 49
38 91 143
38 54 826
38 94 288
38 98 493
38 67 747
38 92 182
38 89 778
38 73 21
38 79 488
38 83 236
38 85 157
38 65 619
38 75 188
38 49 281
38 59 547
38 42 556
38 77 242
38 71 668
38 45 468
38 47 372
38 69 461
38 84 400
38 99 970
39 49 383
39 96 244
39 67 406
39 65 955
39 72 694
39 59 529
39 48 595
39 57 406
39 50 123
39 45 861
39 51 968
39 44 693
39 93 85
39 43 787
39 69 617
39 82 837
39 95 709
39 75 381
39 62 752
39 70 856
39 92 928
39 56 48
39 60 449
39 73 17
39 41 632
39 100 721
39 99 299
39 52 230
39 98 714
39 81 851
39 87 270
39 89 255
39 66 540
39 46 947
39 61 540
39 97 312
39 71 737
39 85 265
39 91 809
39 68 762
39 90 363
39 84 762
39 77 487
39 53 583
39 47 1
39 83 833
39 76 459
39 40 623
39 80 430
40 43 973
40 96 183
40 97 308
40 73 334
40 66 235
40 53 730
40 94 176
40 47 367
40 86 331
40 44 677
40 95 374
40 70 829
40 54 447
40 90 135
40 93 849
40 78 720
40 58 770
40 45 784
40 48 236
40 88 563
40 42 15
40 64 165
40 71 661
40 68 679
40 92 983
40 60 675
40 81 913
40 72 372
40 83 921
40 80 270
40 75 476
40 85 725
40 89 736
40 99 56
40 79 79
40 91 229
40 57 29
40 84 846
40 51 941
40 55 671
40 63 762
40 69 689
40 62 561
40 61 926
40 67 622
41 54 712
41 58 457
41 63 988
41 55 510
41 45 913
41 79 223
41 44 827
41 49 101
41 57 593
41 90 820
41 52 360
41 89 832
41 96 384
41 81 765
41 80 534
41 61 215
41 51 371
41 71 486
41 60 690
41 73 514
41 46 497
41 62 869
41 67 854
41 47 326
41 69 410
41 74 402
41 53 771
41 65 546
41 93 78
41 99 578
41 86 39
41 59 552
41 75 975
41 98 461
41 66 289
41 94 550
41 68 209
41 77 219
41 76 392
41 72 971
41 70 998
41 92 620
41 88 425
42 85 50
42 82 615
42 58 831
42 56 608
42 75 973
42 92 166
42 62 523
42 44 45
42 48 842
42 72 504
42 93 918
42 68 78
42 97 758
42 70 115
42 60 973
42 90 620
42 49 724
42 50 723
42 69 57
42 52 822
42 74 978
42 89 578
42 99 643
42 78 906
42 64 290
42 54 617
42 88 812
42 59 161
42 81 410
42 55 238
42 73 336
42 53 630
42 66 666
42 94 293
42 61 248
42 71 108
43 84 663
43 67 213
43 51 490
43 53 435
43 74 284
43 55 500
43 68 190
43 63 857
43 50 603
43 54 682
43 93 344
43 59 782
43 62 587
43 79 780
43 81 754
43 88 548
43 69 232
43 85 679
43 83 982
43 47 182
43 92 296
43 77 803
43 90 768
43 61 148
43 73 284
43 66 352
43 58 316
43 52 385
43 65 566
43 100 551
43 60 24
43 78 870
43 95 479
43 98 612
43 46 442
43 71 541
43 75 725
43 97 223
43 64 561
43 86 589
43 44 773
43 80 647
43 96 699
43 57 68
43 82 417
43 45 170
44 77 13
44 64 226
44 71 430
44 82 934
44 92 799
44 53 76
44 54 174
44 97 386
44 87 246
44 73 39
44 63 600
44 83 806
44 80 223
44 75 662
44 69 807
44 98 32
44 90 764
44 49 648
44 46 717
44 72 826
44 89 643
44 58 792
44 84 181
44 79 738
44 61 284
44 52 279
44 85 438
44 66 500
44 62 755
44 86 728
44 45 305
44 74 454
44 94 969
44 100 614
44 99 304
44 65 570
44 95 416
44 59 812
44 57 17
44 88 262
44 67 30
44 56 593
44 81 368
45 62 170
45 50 325
45 63 927
45 89 792
45 83 483
45 49 315
45 87 316
45 85 901
45 76 92
45 53 283
45 86 812
45 81 353
45 72 113
45 52 467
45 68 256
45 69 164
45 67 599
45 99 635
45 59 499
45 66 210
45 55 962
45 97 667
45 57 788
45 91 915
45 71 754
45 64 393
45 61 451
45 74 136
45 84 936
45 98 677
45 96 528
45 79 499
45 56 450
45 75 36
45 92 528
45 73 231
45 65 758
45 77 158
45 90 982
45 93 970
45 46 902
45 58 31
45 54 827
45 47 2
46 67 918
46 60 667
46 52 911
46 57 592
46 76 617
46 74 343
46 78 250
46 47 34
46 70 847
46 66 821
46 61 295
46 85 425
46 50 59
46 93 76
46 63 832
46 84 137
46 65 61
46 80 824
46 81 591
46 53 843
46 92 788
46 73 160
46 87 245
46 56 681
46 77 326
46 48 226
46 51 100
46 97 40
46 55 942
46 89 681
46 72 257
46 79 258
46 95 890
46 58 175
46 49 930
46 64 74
46 82 529
46 90 596
46 99 243
46 94 579
46 68 930
46 100 31
46 75 95
46 71 78
47 69 827
47 60 472
47 75 859
47 74 12
47 91 748
47 54 174
47 58 524
47 56 122
47 76 290
47 53 599
47 51 765
47 84 453
47 62 862
47 59 989
47 89 929
47 57 456
47 88 621
47 66 300
47 96 879
47 87 858
47 83 721
47 49 928
47 92 504
47 63 219
47 72 718
47 95 904
47 55 573
47 67 53
47 93 501
47 98 190
47 70 383
47 86 225
47 65 962
47 68 21
47 99 662
47 80 233
48 90 996
48 80 283
48 89 344
48 67 898
48 78 264
48 98 290
48 71 38
48 91 508
48 51 785
48 65 338
48 86 350
48 83 588
48 56 409
48 76 333
48 70 580
48 58 717
48 66 389
48 49 35
48 69 944
48 60 379
48 50 889
48 79 298
48 77 796
48 62 628
48 75 519
48 63 595
48 59 485
48 53 633
48 93 998
48 97 214
48 68 518
48 61 44
48 73 346
48 88 209
48 96 938
48 52 735
48 72 895
48 84 432
48 81 494
48 64 506
48 74 79
48 100 338
49 50 881
49 82 274
49 67 405
49 77 206
49 64 935
49 66 956
49 83 600
49 59 363
49 68 987
49 96 36
49 65 746
49 61 965
49 89 818
49 73 378
49 94 847
49 78 208
49 100 745
49 79 731
49 85 653
49 60 608
49 69 763
49 70 52
49 57 983
49 55 573
49 80 508
49 52 314
49 97 642
49 88 701
49 92 101
49 58 479
49 86 38
49 74 11
49 71 422
49 95 924
49 91 636
49 90 135
49 84 542
50 64 69
50 73 777
50 83 891
50 68 47
50 81 47
50 79 452
50 53 87
50 56 119
50 57 327
50 82 903
50 65 694
50 74 64
50 90 337
50 88 465
50 99 188
50 63 603
50 80 373
50 92 553
50 97 896
50 58 288
50 85 797
50 75 621
50 61 473
50 66 693
50 52 359
50 77 473
50 54 927
50 98 588
50 70 675
50 62 98
50 95 789
50 93 579
50 55 151
50 71 90
50 89 760
50 59 610
50 51 691
50 76 621
50 91 804
50 67 513
50 84 938
51 68 660
51 96 929
51 98 400
51 94 92
51 99 497
51 79 632
51 57 119
51 83 849
51 88 56
51 61 112
51 52 72
51 93 185
51 71 330
51 56 413
51 86 643
51 67 608
51 82 919
51 70 6
51 62 693
51 85 215
51 59 723
51 90 784
51 91 459
51 80 39
51 84 873
51 92 89
51 100 694
51 72 707
51 77 394
51 65 205
51 95 16
51 74 44
51 53 302
51 75 349
52 100 231
52 71 663
52 55 68
52 74 207
52 70 303
52 60 201
52 95 9
52 82 817
52 99 546
52 65 132
52 58 576
52 93 891
52 66 107
52 61 444
52 85 189
52 87 306
52 90 816
52 91 835
52 79 976
52 77 573
52 81 179
52 72 472
52 69 224
52 56 289
52 75 85
52 78 410
52 53 953
52 54 412
52 88 317
52 89 230
52 98 692
52 76 65
52 97 219
52 86 788
52 83 598
52 96 696
52 67 751
53 78 506
53 93 352
53 65 302
53 90 460
53 62 775
53 92 118
53 100 775
53 58 279
53 98 431
53 87 863
53 74 489
53 54 806
53 82 801
53 86 597
53 91 16
53 55 502
53 70 504
53 79 109
53 97 132
53 69 893
53 63 294
53 64 787
53 66 268
53 88 813
53 68 770
53 80 155
53 94 857
53 59 958
53 73 950
53 84 63
53 72 371
53 89 671
53 81 425
53 75 937
53 99 445
53 60 957
53 56 799
53 77 325
54 72 539
54 85 797
54 71 556
54 64 135
54 55 562
54 100 991
54 83 911
54 86 644
54 68 384
54 67 819
54 74 294
54 62 778
54 77 59
54 57 804
54 79 482
54 61 170
54 63 485
54 78 194
54 56 967
54 80 56
54 96 875
54 82 915
54 73 594
54 88 347
54 90 239
54 69 810
54 93 981
54 95 511
54 65 922
54 76 607
54 75 389
54 66 81
54 99 949
54 59 694
54 84 295
54 60 526
54 92 587
54 81 732
54 58 574
54 89 237
55 73 263
55 68 722
55 95 817
55 99 438
55 83 768
55 81 849
55 67 322
55 90 945
55 92 681
55 59 243
55 84 471
55 79 519
55 76 273
55 94 20
55 87 668
55 82 330
55 72 425
55 57 572
55 78 805
55 70 964
55 88 592
55 65 406
55 66 810
55 85 964
55 61 957
55 89 616
55 96 153
55 77 230
55 75 28
55 74 389
55 97 890
55 62 891
55 86 348
55 56 429
55 69 146
55 58 184
55 98 638
56 59 847
56 89 458
56 75 300
56 85 729
56 79 890
56 66 18
56 80 658
56 94 457
56 71 661
56 67 15
56 86 274
56 77 865
56 84 910
56 81 42
56 93 489
56 61 654
56 70 710
56 78 549
56 88 764
56 73 416
56 62 479
56 57 216
56 92 857
56 87 198
56 95 128
56 99 765
56 65 962
56 72 245
56 63 950
56 90 604
56 64 730
56 100 139
56 83 292
56 58 729
56 68 571
57 72 26
57 90 536
57 78 684
57 69 370
57 92 784
57 85 334
57 95 23
57 88 77
57 64 751
57 66 389
57 89 952
57 99 90
57 67 2
57 65 634
57 86 130
57 60 315
57 61 494
57 80 310
57 74 146
57 87 795
57 63 627
57 97 996
57 81 234
57 58 296
57 100 266
58 59 113
58 70 699
58 84 980
58 69 1000
58 66 543
58 65 616
58 71 155
58 86 483
58 98 944
58 61 914
58 82 274
58 81 243
58 91 303
58 80 841
58 60 904
58 62 793
58 78 191
58 97 466
58 96 743
58 99 164
58 85 499
58 76 412
58 94 23
58 72 597
58 88 466
58 77 694
58 67 880
58 92 661
58 64 163
58 74 461
58 63 496
58 75 264
58 79 102
58 73 835
58 83 825
59 85 312
59 62 566
59 69 524
59 97 389
59 92 445
59 80 86
59 90 483
59 81 598
59 61 613
59 96 974
59 100 388
59 75 505
59 71 327
59 60 560
59 83 881
59 94 211
59 66 285
59 87 656
59 76 20
59 63 357
59 95 233
59 88 798
59 91 174
59 84 736
59 64 839
59 98 517
60 88 92
60 84 827
60 70 275
60 72 150
60 74 879
60 69 369
60 73 231
60 62 212
60 66 574
60 61 111
60 79 583
60 92 91
60 98 644
60 76 281
60 83 686
60 100 486
60 89 264
60 64 918
60 63 956
60 67 614
60 68 544
60 96 58
60 77 224
60 78 843
60 71 23
60 82 949
60 86 192
60 65 794
60 99 752
60 80 706
60 85 570
61 80 843
61 99 268
61 69 298
61 82 537
61 74 76
61 86 301
61 84 366
61 94 891
61 83 361
61 67 742
61 85 601
61 71 410
61 66 411
61 88 197
61 89 898
61 87 950
61 92 826
61 73 42
61 95 250
61 79 45
61 98 103
61 90 157
61 64 315
61 78 542
61 97 151
61 65 486
61 62 606
61 91 390
61 72 293
61 81 885
61 76 160
61 75 519
61 63 162
62 89 864
62 74 454
62 92 947
62 78 254
62 95 29
62 79 927
62 94 316
62 85 952
62 72 321
62 64 419
62 63 23
62 100 78
62 76 849
62 71 589
62 88 301
62 86 210
62 82 502
62 80 509
62 93 958
62 96 250
62 98 429
62 83 88
62 69 107
62 77 566
62 68 272
62 70 753
62 67 909
62 90 830
62 91 537
63 70 728
63 96 150
63 72 615
63 92 898
63 65 447
63 80 816
63 94 44
63 86 124
63 75 989
63 89 138
63 78 83
63 82 145
63 99 378
63 71 416
63 83 296
63 74 359
63 90 464
63 81 727
63 84 968
63 87 780
63 98 255
63 76 922
63 100 899
63 77 514
63 68 923
63 93 2
64 100 210
64 74 873
64 78 559
64 68 735
64 69 573
64 89 893
64 72 337
64 81 298
64 73 240
64 65 604
64 82 900
64 91 776
64 84 897
64 80 480
64 90 488
64 92 450
64 75 895
64 70 820
64 83 858
64 87 122
64 85 587
64 95 335
64 76 756
64 67 428
64 97 450
64 98 86
64 86 603
65 97 669
65 86 930
65 85 442
65 76 45
65 78 320
65 92 573
65 94 957
65 87 95
65 74 865
65 69 437
65 83 778
65 75 278
65 70 473
65 100 603
65 66 206
65 96 423
65 88 326
65 98 490
65 84 46
65 77 452
65 73 431
65 67 656
65 81 275
65 91 435
65 79 850
66 85 154
66 69 6
66 71 67
66 84 709
66 67 453
66 90 757
66 96 242
66 80 521
66 75 847
66 92 262
66 79 577
66 95 893
66 100 152
66 76 937
66 87 395
66 88 20
66 73 575
66 97 753
66 68 126
66 81 901
66 83 147
66 82 774
66 93 605
66 99 281
66 77 159
67 69 310
67 85 886
67 77 563
67 78 83
67 68 253
67 88 772
67 96 20
67 92 210
67 79 941
67 80 400
67 82 120
67 84 988
67 97 865
67 100 413
67 87 293
67 72 713
67 99 509
67 70 554
67 86 932
67 94 940
67 75 843
67 71 285
67 93 540
67 83 168
67 81 279
67 76 639
67 73 165
67 74 591
67 95 923
68 69 896
68 86 627
68 76 82
68 91 707
68 70 247
68 90 407
68 85 369
68 84 502
68 74 875
68 94 931
68 81 236
68 78 270
68 99 596
68 72 319
68 89 809
68 92 821
68 95 498
68 73 501
68 75 221
69 87 838
69 86 147
69 95 122
69 83 245
69 98 90
69 81 220
69 82 891
69 88 759
69 73 287
69 79 122
69 75 527
69 89 463
69 74 543
69 77 858
69 93 798
69 84 828
69 92 902
69 100 319
69 96 251
69 91 707
69 78 163
69 99 465
69 70 480
69 85 759
69 76 504
70 93 529
70 82 338
70 96 597
70 75 884
70 99 30
70 94 122
70 76 967
70 86 963
70 92 284
70 77 55
70 74 291
70 72 250
70 73 13
70 91 39
70 80 661
70 88 335
70 95 222
70 87 667
70 71 710
70 81 649
70 98 150
70 89 858
70 83 362
70 78 345
71 85 241
71 86 513
71 89 317
71 78 721
71 79 227
71 75 964
71 77 747
71 84 193
71 93 704
71 88 653
71 92 419
71 98 379
71 90 146
71 72 859
71 100 896
71 94 425
71 87 962
71 99 750
71 95 619
71 83 868
72 91 614
72 95 646
72 86 445
72 84 568
72 79 20
72 88 318
72 83 465
72 89 94
72 93 881
72 78 538
72 92 513
72 90 592
72 97 4
72 94 943
72 87 906
72 76 511
72 98 310
72 80 676
72 81 971
73 75 284
73 95 876
73 100 444
73 94 249
73 77 452
73 79 520
73 80 316
73 86 183
73 78 594
73 84 578
73 96 328
73 97 881
73 76 966
73 98 711
73 83 236
73 91 523
73 82 648
73 87 561
73 88 923
73 74 581
73 85 321
73 92 714
73 81 742
73 90 224
73 89 244
74 89 27
74 83 385
74 82 394
74 76 741
74 100 272
74 81 929
74 84 951
74 99 576
74 75 888
74 80 321
74 91 844
74 88 958
74 97 919
74 90 63
74 98 174
74 78 40
74 85 714
74 86 510
74 94 58
74 87 864
75 84 398
75 80 630
75 85 875
75 77 16
75 91 690
75 87 849
75 79 93
75 88 208
75 100 574
75 94 205
75 82 486
75 92 702
75 86 251
75 95 127
75 99 388
75 78 691
75 83 769
75 76 281
75 97 463
75 96 449
75 90 653
75 89 541
75 98 344
76 80 155
76 98 275
76 95 833
76 99 657
76 84 520
76 94 189
76 97 249
76 90 185
76 81 723
76 87 411
76 79 435
76 86 358
76 83 177
76 89 140
76 82 582
76 85 436
76 96 47
76 100 347
77 88 51
77 99 22
77 80 955
77 96 926
77 93 648
77 94 443
77 78 652
77 91 75
77 81 608
77 89 136
77 92 449
77 82 949
77 84 554
77 87 936
77 85 621
77 79 758
77 95 549
77 86 109
78 97 359
78 98 202
78 91 112
78 87 352
78 88 797
78 83 702
78 90 417
78 100 201
78 82 943
78 85 670
78 79 447
78 80 298
78 86 415
78 84 554
78 99 670
79 100 828
79 82 617
79 95 320
79 83 515
79 94 447
79 89 752
79 87 953
79 90 752
79 97 854
79 80 809
79 92 156
79 98 457
79 93 425
79 88 980
79 81 860
79 86 327
79 91 739
79 99 900
80 100 768
80 90 778
80 87 541
80 96 142
80 99 236
80 84 737
80 91 248
80 92 934
80 86 326
80 83 302
80 98 472
80 93 472
80 85 899
80 97 941
80 89 664
81 88 661
81 83 484
81 100 429
81 96 764
81 94 582
81 95 22
81 87 907
81 84 546
81 99 681
81 89 69
81 82 578
81 93 309
81 92 69
81 90 637
81 86 534
81 97 31
81 91 456
82 95 475
82 96 792
82 94 43
82 92 288
82 93 654
82 84 133
82 89 334
82 99 865
82 100 135
82 87 572
82 85 573
82 83 705
82 97 920
83 92 796
83 96 130
83 91 925
83 100 788
83 90 675
83 84 83
83 88 201
83 86 314
83 94 505
83 97 515
83 95 63
83 93 802
83 98 953
83 89 861
84 97 502
84 88 887
84 94 502
84 85 280
84 89 193
84 98 585
84 99 33
84 96 548
84 87 594
84 91 826
84 100 338
85 94 628
85 97 188
85 99 740
85 93 942
85 86 608
85 89 571
85 96 102
85 87 570
85 91 323
85 98 54
85 95 737
86 87 274
86 95 418
86 93 985
86 88 534
86 89 746
86 91 88
86 90 749
86 94 408
86 96 277
86 99 320
86 92 4
87 90 29
87 95 974
87 97 249
87 91 409
87 99 44
87 88 224
87 94 667
88 98 761
88 90 741
88 100 360
88 96 689
88 92 166
88 99 933
88 89 157
88 94 568
89 91 205
89 92 326
89 97 640
89 96 191
89 100 432
89 94 125
89 93 404
89 98 972
89 95 80
90 91 443
90 94 648
90 93 685
90 98 671
90 99 228
90 95 66
90 100 256
91 98 898
91 93 124
91 92 48
91 96 455
91 97 121
91 94 462
92 94 984
92 98 184
92 93 409
92 99 658
92 100 718
92 95 674
93 98 781
93 97 428
93 96 664
93 99 546
93 100 46
94 98 173
94 100 132
94 95 979
94 99 901
94 97 582
94 96 845
95 96 518
95 97 863
95 100 210
95 98 951
95 99 329
96 100 494
96 99 781
96 98 366
97 100 12
97 98 726
98 99 518
99 100 490
