200
400
1 2 453
1 3 66
1 5 557
1 17 792
1 18 321
1 64 919
1 98 840
2 53 686
2 114 495
2 160 18
3 4 57
3 11 585
3 33 371
3 102 556
4 6 13
4 8 290
4 10 912
4 129 285
4 118 461
4 81 242
4 159 298
5 9 308
5 10 579
5 20 483
5 45 450
5 92 619
5 76 974
5 175 643
6 7 832
6 14 295
6 15 152
6 21 528
6 36 942
7 35 112
7 104 689
7 169 663
7 86 201
7 158 602
8 16 4
8 31 766
8 167 534
9 19 308
9 97 558
9 199 592
9 41 196
9 53 539
9 129 261
10 47 321
10 77 845
10 85 630
11 12 30
11 13 355
11 32 441
11 41 645
11 91 207
11 167 62
11 108 897
12 132 309
12 52 578
12 104 31
12 61 380
12 96 639
13 27 769
13 37 870
13 38 994
13 51 331
13 95 7
13 64 110
13 25 927
13 156 33
14 28 77
14 58 208
14 59 827
15 43 430
15 121 227
16 39 860
16 69 350
16 175 756
16 80 956
16 133 203
16 153 265
17 145 639
17 89 552
18 22 386
18 29 397
18 52 79
18 55 257
18 82 840
18 112 230
18 101 942
18 110 329
19 23 806
20 25 377
20 67 593
20 71 82
20 131 613
20 160 771
20 189 124
20 61 777
20 165 109
21 73 519
21 156 430
22 24 802
22 42 840
22 84 317
22 179 820
22 192 202
22 161 438
23 50 904
23 75 691
24 66 362
24 50 804
24 138 3
24 72 196
25 26 528
25 160 633
26 101 157
26 123 290
26 136 253
26 31 755
27 30 324
27 170 94
27 114 468
27 37 422
28 151 377
28 153 600
28 33 35
28 88 941
29 70 551
29 74 908
29 120 980
30 44 55
30 113 664
30 171 358
30 36 474
31 119 40
32 134 138
32 68 261
33 34 431
33 40 533
33 49 121
33 68 1
33 128 105
33 144 208
33 188 330
33 189 35
34 44 388
34 66 195
35 129 191
35 134 944
35 136 203
36 48 405
36 115 93
38 63 467
39 54 782
39 188 232
39 106 119
40 187 849
40 122 676
40 113 173
41 46 44
41 56 898
41 61 690
41 169 729
41 67 15
42 120 638
42 187 314
42 92 19
43 60 802
43 85 197
43 89 912
43 72 281
44 137 206
45 62 609
45 165 246
46 184 979
46 49 181
47 111 419
47 150 316
48 179 399
48 130 130
48 93 600
48 134 112
49 140 352
49 114 395
49 88 973
50 79 184
50 192 763
50 173 98
50 165 454
50 170 337
51 145 126
52 177 974
53 78 322
53 191 358
54 157 893
54 112 576
54 200 260
55 57 387
55 88 382
55 90 430
55 177 51
55 67 344
55 165 373
55 109 365
56 93 668
56 143 467
56 152 125
56 139 613
56 94 585
56 68 731
57 127 248
58 72 35
58 100 343
58 197 168
58 59 930
59 76 37
59 63 27
59 64 653
60 94 908
60 107 865
60 164 140
60 195 111
61 116 953
61 186 11
61 131 385
62 135 1
62 181 184
62 185 939
63 136 521
63 155 749
63 93 257
64 65 128
64 118 307
64 190 507
65 87 732
66 80 431
66 81 531
66 110 126
67 157 492
68 122 720
68 142 267
68 132 242
69 103 417
69 88 807
70 83 9
71 152 248
71 197 573
72 182 496
73 86 143
73 183 380
74 124 110
74 103 563
74 137 510
74 163 990
75 96 207
75 95 51
76 122 821
76 112 410
77 161 382
78 117 271
78 126 586
78 198 380
80 166 118
80 138 760
81 190 350
81 88 125
81 127 252
82 99 764
82 194 190
82 162 455
82 110 159
82 102 861
83 106 62
83 191 156
83 141 130
83 194 519
84 157 112
85 195 693
86 105 613
86 109 337
88 147 389
88 173 759
89 96 458
89 162 15
90 109 949
90 150 518
90 189 718
91 119 289
91 138 828
91 158 766
91 115 375
92 108 683
92 167 492
93 136 350
94 97 394
95 137 989
95 104 990
96 118 172
96 141 506
96 165 715
96 109 719
96 157 553
97 106 940
97 172 892
98 110 89
98 163 195
99 189 178
100 198 315
100 101 293
100 147 106
101 170 758
101 194 62
102 139 232
102 197 398
103 176 953
103 196 250
103 111 49
103 186 54
104 149 915
105 134 697
106 145 108
107 108 627
107 195 65
108 123 524
110 191 882
110 200 476
111 154 761
111 142 391
113 121 86
113 133 200
113 185 386
113 155 813
113 119 752
113 141 225
113 138 10
113 196 626
114 146 438
114 194 895
115 138 204
115 116 663
116 145 979
117 125 943
117 197 282
117 139 885
118 123 994
118 176 518
119 126 681
120 122 575
120 159 380
120 184 716
121 165 402
121 166 634
122 163 460
122 190 538
123 130 289
123 160 564
124 131 453
125 177 424
125 196 373
127 167 953
128 166 147
128 159 181
129 183 645
130 182 980
130 150 595
131 140 999
132 142 512
132 196 787
132 138 616
133 199 592
135 174 49
136 168 450
137 174 436
137 176 513
137 138 688
138 172 914
140 200 569
140 162 531
143 148 353
143 158 237
143 150 243
145 156 350
145 171 174
146 154 620
149 190 491
151 155 605
151 197 422
154 197 50
154 191 537
155 165 940
158 173 129
159 183 986
161 180 913
161 197 528
163 179 909
164 174 271
176 178 161
181 193 460
188 191 92
