500
1000
1 2 815
1 3 454
1 4 108
1 12 91
1 36 119
1 116 619
1 220 168
1 287 551
1 47 725
1 265 467
1 134 359
2 7 916
2 10 508
2 11 473
2 27 545
2 103 846
2 202 909
2 259 692
2 496 760
2 206 253
3 5 438
3 9 707
3 48 441
3 66 322
3 255 245
3 383 452
3 107 543
3 379 35
4 13 457
4 17 725
4 65 701
4 236 206
4 245 941
4 299 875
4 396 2
5 6 855
5 14 448
5 23 860
5 32 939
5 76 49
5 300 101
5 459 304
6 34 945
6 303 320
7 8 717
7 33 28
8 18 70
8 19 770
8 20 789
8 54 581
8 107 744
8 112 931
8 114 370
8 141 230
8 164 171
9 477 556
9 369 949
10 26 227
10 57 635
10 151 572
10 191 981
10 14 833
11 21 171
11 93 724
11 138 694
11 301 536
11 374 320
11 420 256
11 255 249
11 411 378
12 16 65
12 55 733
12 169 808
12 13 457
12 333 722
12 433 933
12 399 924
12 232 726
12 324 215
13 22 240
13 68 549
13 86 916
13 124 612
13 480 627
13 358 966
13 25 688
14 15 415
14 39 454
14 81 563
14 154 320
14 206 754
14 94 345
14 402 617
14 371 434
15 25 513
15 89 466
15 109 537
15 199 934
15 240 581
15 407 545
16 31 314
16 71 734
16 136 634
16 199 324
16 247 333
16 217 793
16 213 914
17 40 490
17 59 602
17 263 439
17 294 862
17 151 484
17 243 562
17 168 848
18 30 174
18 37 714
18 180 32
18 443 59
18 240 245
19 24 733
19 46 819
19 69 495
19 111 302
19 181 756
19 347 944
19 382 512
20 28 335
20 38 530
20 74 315
20 85 189
20 450 630
20 377 920
21 99 770
21 295 576
21 270 184
22 43 97
22 47 738
22 83 367
22 276 106
22 493 379
23 106 680
23 196 539
23 455 921
23 124 916
23 322 107
23 342 220
24 41 750
24 230 547
24 293 145
24 193 956
24 444 578
25 99 877
26 70 795
26 340 706
26 402 424
26 116 987
26 125 376
27 42 884
27 178 602
27 344 409
28 29 785
28 51 785
28 80 366
28 84 337
28 212 688
28 445 58
28 469 778
29 35 105
29 104 59
29 335 353
29 330 392
29 410 305
29 62 532
29 342 993
30 95 253
30 281 154
30 248 287
31 63 963
31 380 459
31 490 439
31 41 897
32 58 891
32 194 403
32 201 697
32 242 787
32 308 764
32 142 135
33 78 587
33 129 580
33 463 666
33 182 504
33 68 422
33 421 121
34 45 518
34 91 322
34 427 900
35 137 202
36 203 994
36 185 179
36 174 464
37 49 767
37 75 534
37 105 742
37 133 286
37 184 235
37 185 834
37 338 689
37 170 378
37 473 205
37 498 945
37 341 836
37 40 928
38 44 123
38 50 439
38 88 749
38 137 446
38 246 762
38 184 852
38 406 169
39 62 176
39 412 55
39 236 984
40 60 995
40 61 79
40 143 778
40 417 930
40 448 269
40 253 571
41 98 642
41 221 89
41 326 372
41 331 450
41 263 175
41 362 871
42 87 771
42 376 292
42 122 1000
43 53 689
43 64 854
43 130 127
43 487 429
43 56 554
43 266 221
45 316 55
46 171 114
47 52 671
47 240 289
47 68 111
47 64 209
48 457 486
48 401 270
48 77 591
48 122 12
48 129 13
49 157 772
49 191 122
49 238 286
50 160 881
50 187 901
50 264 630
50 274 324
50 165 606
50 369 409
51 77 231
51 461 743
52 96 946
52 344 412
52 185 612
53 92 936
53 375 994
53 112 995
54 101 92
54 186 168
54 279 967
54 404 609
54 278 989
54 305 384
54 155 973
54 472 885
55 56 495
55 108 929
56 179 32
56 267 498
56 301 108
56 491 666
56 135 762
57 227 353
58 72 111
58 114 344
59 500 459
59 416 209
59 396 504
59 289 275
60 67 233
60 120 208
60 216 182
60 290 813
60 385 763
60 395 485
60 215 776
60 346 265
61 243 495
61 65 949
61 338 181
62 127 785
62 499 662
62 490 126
63 94 536
63 273 179
63 331 525
64 132 305
64 155 240
64 201 427
65 205 348
66 73 590
66 173 138
66 374 58
67 79 893
67 90 158
67 113 777
67 163 192
67 193 754
67 237 804
67 217 646
67 455 416
67 200 996
68 233 870
68 433 602
69 155 333
69 144 12
70 165 222
70 208 78
70 291 682
70 285 816
71 131 855
71 487 75
71 177 227
71 163 748
71 264 555
72 98 930
72 143 341
73 199 410
73 448 903
74 241 88
74 468 690
74 284 237
74 98 224
74 287 482
75 118 385
75 161 936
75 214 554
75 417 486
75 216 531
76 386 392
76 305 954
77 207 711
77 284 885
77 423 215
78 82 300
78 100 878
78 265 208
78 303 432
78 312 112
79 309 613
79 305 98
80 140 919
80 366 534
81 134 768
81 316 105
81 144 940
82 161 398
82 201 187
83 214 14
83 314 464
83 474 191
83 274 793
83 324 382
83 163 227
84 281 247
84 496 903
84 489 559
85 117 183
85 280 383
85 499 763
85 287 218
85 188 472
86 121 797
86 125 309
86 153 192
86 90 175
87 286 736
87 377 99
88 177 577
88 367 67
89 226 90
89 327 275
89 265 617
89 125 942
89 467 175
90 97 587
90 450 651
90 219 302
90 292 625
90 112 51
91 126 752
91 272 176
91 219 656
91 333 779
91 379 896
92 167 504
92 314 181
93 102 921
93 110 844
93 152 786
93 257 288
93 334 439
93 484 495
93 252 920
93 275 410
93 499 144
93 190 979
94 389 917
94 247 978
94 454 415
95 175 623
96 305 80
96 480 937
96 194 869
96 138 414
96 126 881
97 148 393
97 209 704
97 141 811
98 277 284
99 168 481
99 183 231
99 222 295
99 410 126
99 282 944
99 146 851
100 162 167
100 270 490
101 147 146
101 419 387
101 197 641
101 270 719
102 348 979
102 283 697
103 151 536
103 302 9
103 159 648
103 479 822
103 295 809
103 481 896
104 174 576
104 444 963
104 460 982
105 150 347
105 431 354
106 417 7
107 156 990
107 143 227
107 214 204
107 242 668
108 253 86
108 291 17
108 491 821
108 494 343
109 115 747
109 128 973
109 258 614
109 363 502
109 365 463
109 197 344
109 429 206
110 135 880
110 144 302
110 172 575
110 340 427
111 399 925
111 466 762
111 460 872
112 122 492
112 239 516
112 186 606
112 393 700
112 259 714
113 413 763
113 132 988
113 254 811
115 341 954
115 430 922
115 273 737
115 453 741
117 119 859
117 186 363
117 219 0
118 310 613
118 329 258
118 395 933
119 123 538
119 146 188
119 322 322
119 298 131
119 219 671
119 141 695
120 373 949
120 384 258
120 372 914
120 269 843
120 321 185
122 142 139
122 149 167
122 179 355
123 145 338
123 394 407
124 190 781
125 182 694
125 462 538
125 383 95
126 332 321
126 452 537
127 470 888
127 496 33
127 413 72
127 460 512
128 500 647
129 202 760
129 289 909
129 315 353
130 181 761
130 168 801
131 365 940
131 410 120
131 245 226
131 316 251
132 189 296
132 406 802
133 158 836
133 223 310
133 453 12
133 279 629
133 248 900
133 306 605
133 189 713
134 139 335
134 474 996
135 388 930
135 352 914
136 219 473
136 224 487
136 486 200
136 221 573
137 405 942
137 341 75
138 166 10
138 176 237
139 248 863
140 482 196
141 267 442
141 362 126
141 392 384
142 343 729
142 476 381
143 252 985
143 342 286
143 153 881
143 409 563
143 182 865
143 489 633
144 198 29
144 447 983
144 472 420
144 155 210
144 492 971
145 249 818
145 378 919
145 328 664
146 294 123
146 261 262
146 421 484
147 195 518
147 237 196
147 347 150
148 328 377
149 371 174
149 284 301
150 288 951
150 363 873
151 200 889
151 374 562
152 253 950
153 446 48
153 189 519
155 292 281
155 319 269
155 469 297
156 203 705
157 195 422
157 256 348
157 315 852
157 246 32
157 406 845
157 177 258
157 203 58
158 159 476
158 304 914
158 384 549
158 375 792
159 296 91
159 160 397
159 291 868
160 191 55
160 277 121
160 492 458
161 170 165
161 312 392
161 409 486
161 172 199
162 276 215
162 167 406
162 303 486
162 404 996
163 314 291
163 451 506
163 352 129
163 484 113
164 188 814
164 320 839
164 284 366
164 360 312
165 206 844
165 456 861
165 300 998
168 424 344
168 383 96
169 261 47
169 325 695
169 372 964
169 344 921
170 262 200
170 391 766
170 398 92
170 226 366
171 229 912
171 440 22
171 416 629
171 249 559
172 432 215
173 218 981
173 360 771
173 423 8
173 355 802
174 491 883
174 189 690
176 248 121
176 337 73
177 260 533
177 454 990
178 342 536
179 344 236
179 314 661
180 475 958
181 435 917
181 382 605
181 408 637
182 266 98
183 404 737
183 210 76
183 348 421
183 260 303
184 302 675
185 213 800
185 215 343
185 495 748
185 412 503
185 264 996
186 281 239
186 357 113
186 409 776
187 235 533
187 349 416
187 491 365
187 352 796
188 318 128
188 364 812
188 330 275
189 210 351
189 307 370
189 430 900
190 266 492
190 372 611
190 318 343
191 192 462
191 231 645
192 232 146
193 381 261
193 398 816
194 197 505
195 228 886
195 271 65
195 387 943
195 493 193
197 234 641
197 313 692
198 204 352
198 317 885
199 211 859
199 224 290
200 306 807
200 485 99
201 251 433
201 432 388
201 210 787
202 276 676
203 436 256
203 305 873
203 347 870
204 399 504
205 269 824
205 256 51
205 329 158
205 435 989
205 467 963
206 283 65
207 372 571
207 350 680
208 257 968
208 400 197
209 244 561
209 305 875
209 255 971
210 217 344
210 218 457
211 287 718
213 333 113
213 320 502
216 467 0
217 428 855
217 364 238
217 289 248
218 418 998
218 221 539
219 411 745
219 343 66
220 225 352
220 417 773
220 463 692
221 327 201
221 361 998
222 238 666
222 274 589
223 266 274
223 386 410
223 471 96
224 282 56
224 301 142
226 288 93
227 336 915
227 359 609
228 365 33
228 369 796
232 297 881
232 328 884
234 414 168
235 251 192
235 278 587
235 339 227
236 311 656
236 347 104
236 457 264
236 285 722
236 455 989
237 298 451
238 490 75
238 424 90
240 283 601
241 304 388
241 321 650
241 389 500
242 254 494
242 339 156
242 455 606
242 487 265
242 500 476
242 316 114
242 304 269
243 449 157
243 361 424
243 326 546
243 433 285
243 253 350
244 250 987
244 330 461
245 397 789
245 407 780
246 433 775
247 346 988
247 272 929
248 289 967
248 328 69
249 286 628
249 441 837
249 440 923
249 375 846
250 301 48
250 343 468
251 355 787
251 459 573
253 268 251
253 382 680
254 492 703
255 465 58
255 339 6
255 278 609
256 268 249
257 300 305
257 472 458
257 425 555
258 352 114
260 278 297
260 409 420
260 264 18
260 318 951
262 285 517
263 367 293
263 339 21
263 427 721
264 301 654
266 393 821
267 392 919
267 441 337
268 275 272
268 366 916
268 441 991
269 414 514
270 405 757
270 431 724
270 275 502
270 388 601
271 337 956
271 498 455
272 358 474
272 326 35
274 406 372
274 416 817
275 377 523
276 323 742
276 471 966
277 434 529
277 383 751
277 435 102
278 378 34
278 354 310
278 395 840
278 359 837
279 407 79
279 443 916
279 293 235
280 400 129
280 490 715
281 488 329
282 353 890
283 384 424
286 451 403
286 343 914
289 315 364
290 399 297
291 324 889
291 386 16
291 343 249
292 443 788
292 482 768
293 295 178
297 394 574
299 458 524
300 387 808
300 355 484
300 343 375
301 354 388
301 473 814
301 319 29
302 368 448
303 368 287
303 477 198
304 449 926
304 463 9
307 356 90
307 359 993
308 495 693
308 314 987
313 421 702
313 332 147
313 344 125
314 439 748
314 340 800
315 458 328
317 381 248
318 379 720
320 350 78
320 396 775
322 470 604
323 393 445
324 386 836
324 408 904
324 497 40
324 453 432
326 500 300
328 345 44
329 370 536
329 416 76
330 376 44
331 361 936
332 403 864
332 415 737
332 413 913
332 358 499
333 426 116
333 392 826
335 377 635
335 390 709
336 431 899
337 494 98
340 443 657
340 478 987
341 428 166
341 386 836
341 401 972
342 354 764
344 482 384
345 348 684
346 351 45
346 478 105
347 459 944
348 437 520
348 459 711
349 396 40
351 425 783
351 496 923
354 383 333
355 361 763
356 498 146
358 401 991
358 375 875
358 437 78
359 398 373
359 415 783
360 478 787
362 464 862
362 483 713
362 494 688
362 487 449
366 433 596
367 416 960
368 431 470
370 429 238
378 483 199
381 422 43
381 388 325
383 443 638
385 413 982
386 433 241
389 396 183
390 451 632
394 464 586
397 472 208
398 406 635
398 409 492
399 492 763
402 478 581
404 448 230
405 424 544
405 407 217
407 479 74
410 478 858
414 470 997
414 431 804
417 442 288
421 438 272
421 457 352
421 448 657
422 476 181
424 493 318
432 471 41
434 451 133
434 494 635
442 494 498
443 451 333
445 496 229
448 449 86
455 461 221
458 489 639
461 466 293
463 479 419
466 497 59
468 474 449
468 498 470
470 481 576
494 497 554
495 500 113
