1000
2000
1 2 228
1 3 487
1 4 835
1 7 480
1 54 120
1 56 70
1 120 804
1 124 851
1 157 384
1 267 666
1 31 232
1 929 906
2 9 348
2 15 323
2 135 106
2 248 148
2 386 947
2 554 959
2 805 515
2 793 350
2 7 527
2 988 401
3 12 597
3 16 518
3 45 183
3 93 541
3 238 351
3 813 321
3 835 812
4 5 280
4 6 653
4 10 143
4 20 49
4 91 122
4 351 136
4 364 750
4 423 304
4 483 386
4 450 5
4 101 325
4 215 491
4 178 44
5 8 552
5 11 381
5 27 484
5 34 992
5 55 923
5 77 456
5 335 319
5 466 308
5 742 751
5 642 227
6 24 894
6 31 567
6 178 680
6 597 199
6 663 295
6 360 329
7 85 859
7 109 220
7 118 443
7 197 809
7 672 983
8 13 340
8 17 871
8 23 810
8 236 479
8 120 470
8 551 636
8 299 185
9 21 728
9 162 524
9 409 141
9 417 194
9 352 604
9 723 109
9 252 387
10 49 825
10 695 713
10 279 362
10 570 55
10 354 916
10 699 962
11 14 50
11 28 798
11 203 297
11 213 200
11 302 706
11 358 598
11 402 507
11 850 144
11 271 339
11 260 17
12 18 756
12 42 735
12 46 388
12 71 680
12 82 391
12 810 935
12 679 126
12 303 827
12 36 115
13 26 569
13 657 328
13 855 472
13 977 101
14 33 0
14 43 528
14 176 229
14 209 768
14 338 239
14 68 812
15 38 192
15 394 85
15 982 799
16 19 572
16 25 916
16 59 363
16 172 538
16 482 566
16 741 301
16 600 231
16 241 486
17 693 804
17 953 282
17 637 170
17 314 157
17 313 25
17 548 842
17 304 443
18 37 901
18 134 95
18 385 581
18 760 405
18 984 786
18 973 400
18 825 177
19 22 569
19 41 155
19 51 319
19 105 392
19 635 948
20 35 666
20 604 891
20 936 66
20 201 178
20 652 558
21 29 423
21 63 499
21 110 984
21 129 785
21 360 390
22 47 253
22 95 827
22 39 767
22 446 980
22 145 10
23 86 522
23 98 412
23 165 370
23 824 843
24 30 418
24 40 53
24 164 788
24 242 287
24 465 240
24 45 694
25 102 272
25 225 720
25 514 511
25 770 225
25 993 897
26 32 520
26 48 236
26 96 74
26 145 100
26 59 812
26 31 859
27 68 847
27 139 590
27 813 521
27 464 650
27 649 457
27 705 926
28 339 147
28 455 113
28 404 167
28 903 813
29 257 233
29 206 309
29 620 423
29 425 756
29 34 569
30 75 284
30 106 52
30 428 73
30 952 659
30 802 965
30 240 512
30 92 598
30 268 220
30 706 497
31 39 604
31 53 629
31 65 153
31 84 983
31 648 825
31 474 298
31 700 735
31 780 279
31 338 890
32 57 732
32 207 734
32 764 148
32 425 83
32 698 772
33 36 563
33 185 621
33 200 946
33 845 144
33 65 632
34 313 632
34 250 107
34 849 681
34 415 788
35 60 395
35 255 898
35 835 348
35 958 747
35 807 682
35 430 369
35 747 818
36 76 761
36 79 682
36 119 242
36 130 610
36 937 711
36 747 41
37 66 683
37 100 674
38 170 455
38 171 957
38 230 850
38 321 356
38 99 945
38 747 881
38 819 413
39 294 941
39 365 645
39 487 498
39 101 379
39 639 857
40 192 127
40 897 346
41 125 582
41 295 553
41 58 246
41 675 392
41 312 270
42 594 667
42 905 23
42 338 383
43 44 504
43 140 560
43 204 689
43 357 480
43 748 852
43 390 749
44 50 206
44 61 438
44 67 320
44 78 657
44 112 534
44 137 832
44 480 745
44 967 229
45 64 320
45 74 834
45 116 44
45 121 982
45 307 410
45 59 579
46 70 790
46 87 732
46 138 490
46 150 466
46 158 159
46 713 325
46 723 615
46 176 465
47 52 932
47 117 439
47 846 649
47 665 608
47 728 844
48 279 446
49 438 862
50 92 760
50 391 362
50 592 522
50 874 194
50 977 289
50 96 163
50 654 630
51 58 907
51 72 41
51 123 238
51 199 590
51 573 201
51 839 198
51 933 219
51 374 908
52 194 939
52 369 178
52 583 104
52 470 274
53 73 762
53 380 593
53 527 708
54 69 408
54 246 200
54 258 770
54 414 330
55 225 284
55 304 374
55 775 1000
55 544 81
56 83 735
56 249 314
56 752 123
56 885 681
56 377 774
57 156 29
57 201 141
57 217 400
57 541 72
57 84 356
58 154 286
58 339 393
59 80 763
59 151 524
59 263 99
59 626 664
59 477 486
59 754 36
59 780 596
60 62 148
60 325 52
60 493 882
60 66 47
60 594 104
60 795 12
60 575 187
61 97 717
61 388 578
61 531 408
61 580 566
61 432 934
61 533 561
61 630 598
61 935 292
62 142 252
62 819 418
63 103 225
63 491 208
63 557 131
63 98 706
63 293 197
64 334 836
64 683 7
64 506 634
64 242 106
65 214 681
65 399 298
65 698 769
65 402 239
65 532 883
66 299 585
66 760 693
66 838 262
66 410 4
66 217 366
66 575 511
67 94 95
67 127 119
67 896 761
67 858 295
67 992 807
68 161 636
68 234 827
68 197 47
68 881 138
68 758 503
69 148 772
69 289 307
69 612 516
70 287 703
70 638 337
70 716 56
70 288 63
70 474 342
71 81 574
71 745 913
71 770 330
71 1000 428
72 616 391
72 762 163
72 535 967
73 111 733
73 206 110
73 838 995
73 408 558
73 192 573
73 200 268
74 367 73
74 481 823
75 243 606
75 894 785
75 996 37
75 423 695
76 404 979
76 583 149
76 937 10
77 136 84
77 143 889
77 195 155
77 327 972
78 99 719
78 104 199
78 126 38
78 212 20
78 272 248
78 401 814
78 673 254
78 222 295
78 706 307
78 860 894
79 159 139
79 621 719
79 372 526
79 358 563
80 403 412
80 328 83
80 742 912
81 355 179
81 430 325
81 460 566
81 176 563
82 89 762
82 490 286
82 586 745
82 127 944
83 88 826
83 250 661
83 875 763
83 663 169
84 495 509
84 806 110
84 99 829
84 873 370
85 113 268
85 245 259
85 534 177
85 724 548
86 924 856
86 242 813
86 304 239
87 90 133
87 188 281
87 210 165
87 319 522
87 470 348
87 623 792
87 737 710
87 350 57
88 100 499
88 101 137
88 244 11
88 274 4
88 877 86
88 749 737
88 642 843
89 169 458
89 216 890
89 842 629
89 192 963
90 146 316
90 163 620
90 218 246
90 265 173
90 297 444
90 932 117
90 253 996
91 144 651
91 152 560
91 193 938
91 411 705
91 538 255
91 879 113
91 324 449
92 108 608
92 114 427
92 233 596
92 269 435
92 431 586
92 505 113
92 499 203
93 352 973
93 765 925
93 440 289
93 800 94
93 634 732
94 147 414
94 986 389
94 521 632
94 189 427
95 115 69
95 160 459
95 300 649
95 579 462
95 873 154
95 712 890
96 181 102
96 374 773
96 575 0
97 276 117
97 439 74
97 642 119
97 509 388
98 239 7
98 522 551
98 769 95
99 205 826
100 131 52
100 691 745
100 149 886
100 285 801
100 331 455
100 528 30
100 950 409
101 141 543
101 397 438
101 791 41
101 835 643
101 762 209
101 891 663
101 210 465
102 323 132
102 376 98
102 508 841
102 537 987
103 133 500
103 149 394
103 575 306
104 288 378
104 420 92
104 471 541
104 549 568
105 107 329
105 340 804
105 460 991
105 727 954
105 353 194
105 809 65
106 208 356
106 389 156
106 561 854
106 605 2
106 578 883
107 139 792
108 285 826
108 717 504
108 736 502
109 528 453
109 572 479
109 318 370
109 555 600
110 177 553
110 226 856
110 260 92
110 566 661
110 567 29
111 479 647
111 507 515
111 589 84
111 700 778
111 987 241
111 532 163
112 381 572
112 972 297
112 305 888
112 375 641
113 166 292
113 189 592
113 453 240
113 203 607
114 293 320
114 298 454
114 308 521
114 423 582
115 183 731
115 224 401
115 342 978
115 412 848
115 519 15
115 526 419
115 732 702
115 849 676
115 789 453
116 321 417
116 434 661
116 138 477
117 349 515
118 122 308
118 153 914
118 620 22
118 523 678
119 499 806
119 566 63
120 186 742
120 270 859
120 341 657
120 432 380
120 632 200
120 605 288
121 128 708
121 256 272
121 617 87
122 202 671
122 647 416
122 730 836
122 584 399
122 204 242
122 927 40
122 371 593
122 599 329
123 445 456
123 484 902
123 510 751
123 891 573
123 910 460
124 148 300
125 132 265
126 872 987
126 371 516
126 362 828
126 180 139
127 231 192
127 320 906
127 546 11
127 837 205
127 640 333
127 299 381
127 798 706
128 198 632
128 404 921
128 659 709
128 858 23
129 744 501
129 814 603
129 980 278
129 385 577
130 524 426
130 466 821
131 290 898
131 967 346
131 232 542
132 601 638
132 959 263
132 246 88
133 599 107
133 725 318
134 286 419
134 468 297
134 869 712
135 167 462
135 222 180
135 240 716
135 281 475
135 292 596
135 751 438
135 290 890
136 271 635
136 348 150
136 513 868
136 285 156
136 292 368
137 433 935
137 217 729
137 957 445
138 155 26
138 174 935
138 652 795
138 889 218
139 179 545
139 237 67
139 312 365
139 921 84
139 234 49
139 979 231
140 689 806
140 906 62
141 737 839
141 153 872
141 599 129
142 253 723
142 262 755
142 866 276
142 827 321
142 603 822
142 487 91
143 182 479
143 598 629
143 628 90
143 665 821
143 620 228
143 955 27
143 469 92
143 354 447
143 415 582
143 760 558
144 578 697
145 306 448
145 757 248
145 967 961
146 190 589
146 689 323
147 661 805
147 427 149
148 180 796
148 652 515
148 581 307
148 498 835
148 908 601
149 571 314
149 811 20
149 790 247
149 536 87
149 844 815
149 412 47
150 277 944
150 704 858
151 168 712
151 191 977
151 220 818
152 264 255
152 422 756
152 544 395
153 415 475
153 441 537
153 876 409
153 425 985
153 552 312
153 778 57
154 419 585
154 792 172
154 195 938
154 585 624
155 207 695
155 169 27
156 252 473
156 895 688
156 949 83
156 498 567
156 905 762
157 215 958
157 900 923
157 280 650
158 317 559
158 448 184
158 560 295
158 562 245
158 602 857
158 323 765
158 247 1000
159 173 65
159 235 264
159 326 12
159 398 978
159 459 287
159 715 358
159 728 751
159 875 582
159 637 796
160 307 504
161 957 395
161 616 816
162 221 255
162 642 525
162 338 626
162 742 398
163 361 973
163 396 451
163 921 484
164 408 479
164 695 318
164 465 72
164 757 841
165 686 40
165 904 710
165 836 522
165 376 789
166 196 229
166 751 29
166 280 834
166 979 302
166 851 211
168 187 137
168 550 293
168 753 751
169 333 719
169 416 31
169 705 700
169 860 503
169 519 847
169 574 103
170 175 27
170 708 954
170 867 941
172 259 86
173 211 244
173 737 397
174 710 724
175 551 298
175 227 275
175 339 558
176 184 350
176 192 206
176 219 25
176 356 752
176 717 582
176 705 518
177 506 982
177 576 770
177 587 535
177 722 426
177 754 82
177 921 132
178 518 497
179 227 434
179 438 561
179 694 542
179 428 656
179 750 633
180 785 18
180 296 657
180 608 842
180 263 395
181 375 550
181 948 783
181 186 761
181 466 585
182 331 904
182 418 271
182 512 843
182 619 918
182 221 817
183 433 227
183 564 411
184 461 151
184 485 390
185 229 310
185 248 900
186 783 853
186 552 548
187 608 501
188 232 212
188 329 22
188 347 17
188 354 125
188 361 636
189 337 102
190 666 70
190 649 476
191 517 476
191 545 965
192 393 84
192 491 150
192 543 558
192 925 765
193 783 599
193 890 829
194 497 81
194 207 443
195 301 325
195 359 956
195 637 843
195 351 109
196 552 951
196 717 384
196 806 950
196 757 74
196 797 972
197 241 139
197 247 242
197 499 510
197 495 115
197 588 155
198 254 513
198 370 579
198 333 15
198 744 764
198 487 870
199 669 689
199 684 26
199 789 556
200 553 72
200 749 392
200 503 33
201 543 712
202 671 596
202 786 489
203 290 336
204 384 700
205 357 645
205 821 562
206 336 720
206 542 344
206 951 485
207 266 992
207 731 897
207 408 31
207 276 938
208 517 507
209 931 817
209 595 429
209 928 576
209 907 810
210 374 799
210 384 416
211 395 947
211 897 508
211 594 663
212 529 422
212 826 536
213 956 429
213 846 488
213 288 257
213 381 728
214 379 653
214 679 996
214 892 836
214 812 591
215 742 435
216 223 92
216 509 92
216 604 581
216 727 887
216 889 228
217 251 67
217 815 639
217 338 368
218 261 671
218 303 536
218 436 111
218 692 594
218 792 215
218 433 876
219 859 199
220 612 140
221 545 609
221 235 519
221 864 326
222 268 606
222 568 427
222 690 590
222 565 612
223 664 290
223 375 596
223 430 757
223 357 744
224 305 211
224 316 172
224 406 228
224 749 974
224 754 867
224 373 683
224 905 916
224 458 198
225 426 879
225 605 440
225 816 800
225 304 299
226 450 598
226 703 934
226 900 142
226 879 752
227 228 579
227 273 874
227 372 628
227 452 730
227 316 968
228 291 377
228 435 258
228 926 890
229 250 808
230 996 107
231 826 676
232 552 663
233 308 825
233 786 282
233 803 331
233 875 299
233 539 361
234 458 624
234 523 834
234 505 438
234 697 224
235 440 392
235 968 647
235 963 270
235 565 913
236 282 659
236 556 381
237 318 987
237 833 276
237 900 555
237 649 760
237 655 307
238 488 514
238 545 69
239 310 936
239 620 568
239 957 200
240 790 900
240 680 405
241 607 537
241 782 930
241 977 476
241 368 691
241 651 391
241 723 387
241 488 821
241 750 182
242 547 182
242 559 41
242 244 378
242 871 442
243 330 481
243 443 320
243 503 531
244 421 778
244 511 960
244 756 693
245 454 953
245 344 327
245 596 270
246 322 932
246 456 938
246 540 285
246 556 269
246 596 87
246 850 638
246 590 19
247 304 369
247 564 32
247 852 374
248 619 172
248 318 207
249 475 258
249 693 547
250 363 660
250 462 806
250 521 482
250 273 337
250 418 2
250 961 904
251 324 9
251 590 177
251 349 339
252 561 295
252 779 637
252 765 381
252 416 648
252 625 163
253 275 425
253 424 246
253 494 30
253 357 276
253 833 635
254 548 973
254 420 607
255 278 59
256 383 220
256 674 638
256 875 684
256 748 798
257 414 724
257 965 809
258 283 477
258 284 550
258 296 294
259 555 400
259 995 254
260 793 235
260 366 891
261 280 52
261 343 371
261 755 599
261 878 791
262 929 666
262 998 424
263 390 386
264 776 872
264 390 684
265 931 948
265 987 605
265 438 386
265 532 744
266 558 98
266 383 60
266 494 468
267 797 648
268 701 242
268 283 975
269 344 233
269 427 304
269 959 390
269 372 771
269 347 115
270 797 314
270 468 919
270 292 877
270 454 970
271 311 966
271 834 504
271 961 948
272 499 321
272 543 297
272 589 221
273 363 396
274 410 738
274 726 897
274 639 82
274 754 703
275 498 325
276 772 5
277 842 246
277 500 297
277 361 567
278 309 182
278 476 126
279 991 574
279 536 70
280 901 212
280 998 833
280 307 22
281 315 584
282 520 83
282 559 262
284 611 494
284 990 4
284 725 442
285 387 347
285 463 1
285 544 404
285 651 652
285 542 238
286 892 908
287 366 76
287 569 817
288 955 3
288 621 998
289 662 135
289 775 676
289 414 100
290 345 538
290 378 457
290 535 614
290 707 732
290 720 711
290 604 651
290 647 19
291 591 142
291 830 290
291 510 329
291 756 376
292 654 780
292 984 402
292 932 825
293 612 406
293 557 834
294 350 606
294 588 341
294 295 425
295 314 955
295 476 454
295 964 478
295 370 998
296 362 901
296 739 485
296 828 177
297 735 740
297 589 13
297 396 878
298 830 523
299 446 815
299 584 132
300 377 94
300 574 657
300 780 876
300 487 71
300 897 475
301 368 97
301 822 979
301 984 772
301 672 482
302 606 278
302 856 801
302 407 111
303 346 594
303 627 988
303 425 769
304 451 98
304 545 379
304 391 909
305 675 144
305 853 934
305 698 422
305 975 379
307 964 294
308 332 585
308 843 981
308 310 114
308 586 741
309 408 150
309 867 294
309 938 699
310 425 763
310 339 980
310 821 729
310 630 345
310 347 875
311 405 274
311 358 363
312 328 504
313 888 967
313 882 969
314 532 475
314 374 356
314 400 873
315 405 393
315 606 311
316 640 169
316 985 123
316 831 281
317 785 867
318 940 424
318 609 340
318 455 300
318 472 707
319 382 256
319 982 455
319 758 2
320 983 152
320 502 693
321 612 359
321 352 276
322 353 810
322 945 413
323 413 436
323 750 822
323 854 241
324 596 95
324 535 289
324 743 374
325 740 647
325 866 393
325 821 225
325 360 650
326 732 959
327 593 296
327 668 256
327 966 49
327 695 920
327 674 398
328 443 82
328 989 36
329 678 463
329 342 339
329 770 586
330 788 199
330 590 665
330 376 516
331 472 263
331 845 499
331 727 251
332 735 720
332 778 982
332 855 630
332 537 101
332 779 179
333 437 5
333 490 983
334 376 60
335 501 95
337 613 463
337 384 477
337 773 461
338 444 335
339 371 301
340 565 649
340 416 861
341 407 343
341 488 617
341 492 730
341 906 246
342 634 695
342 941 27
342 346 855
342 396 698
343 577 526
343 625 749
343 981 535
344 973 884
345 779 796
345 832 188
346 400 798
346 478 399
346 584 18
347 373 291
347 973 58
348 378 289
348 455 591
349 541 957
349 779 684
349 436 641
349 927 807
349 811 588
350 658 438
350 840 562
350 847 392
351 756 489
352 371 811
352 924 379
352 796 941
352 976 184
353 652 904
353 447 984
354 747 311
355 432 160
355 687 302
356 382 400
357 392 942
357 488 446
358 994 810
358 753 878
358 769 532
359 454 806
360 839 855
360 521 694
361 574 556
362 474 853
362 865 713
362 862 996
362 543 596
363 417 913
363 736 166
363 750 513
364 788 66
365 534 632
365 476 402
365 440 741
365 478 440
365 563 40
366 493 87
366 401 618
366 883 483
367 670 474
367 542 574
367 533 109
367 738 160
368 507 527
368 531 671
369 446 706
370 500 25
370 797 933
370 835 550
370 534 982
371 713 278
372 805 358
372 629 712
372 748 748
373 447 474
375 496 213
376 832 743
377 615 576
377 567 639
377 883 858
378 773 286
378 601 194
379 649 360
381 655 240
382 628 189
382 522 790
383 507 697
384 798 335
385 457 379
385 660 549
386 614 878
386 627 731
387 477 153
387 437 518
387 750 523
388 799 436
388 928 142
388 904 790
388 980 365
389 796 398
389 955 821
390 449 689
390 603 984
390 920 63
390 992 550
390 788 879
390 762 668
390 957 738
392 469 309
393 692 557
393 823 165
393 814 48
393 809 648
393 737 42
396 729 456
396 988 826
396 637 832
398 733 188
398 802 353
398 783 976
399 792 196
400 429 856
402 913 972
403 687 38
403 702 223
403 821 536
405 708 331
406 533 617
406 840 721
408 853 207
408 877 373
408 884 671
408 535 247
409 564 338
410 629 67
410 748 358
410 577 570
411 895 380
411 594 219
411 473 490
412 586 967
413 502 320
414 475 215
414 700 213
414 693 461
415 677 124
415 941 585
416 732 529
416 664 302
417 960 1000
417 624 736
419 864 224
419 770 313
421 821 179
421 523 220
421 487 303
422 486 195
422 911 743
423 676 945
423 738 605
423 903 705
423 887 184
424 750 555
426 610 113
427 667 117
427 815 219
427 797 983
428 489 994
429 601 261
429 532 872
429 982 85
429 920 64
431 712 500
431 556 36
432 442 415
432 563 271
432 678 230
433 644 787
433 800 293
433 672 577
433 562 297
434 540 510
435 639 270
435 759 978
435 980 820
435 910 700
436 480 761
437 464 703
437 445 616
438 802 1000
440 644 382
443 699 548
444 926 130
445 724 241
446 988 419
447 486 87
447 866 693
448 706 376
448 747 279
449 761 794
450 802 863
450 926 817
451 515 524
451 993 235
451 858 142
452 861 307
452 711 547
452 756 953
453 467 89
453 635 961
454 987 526
454 558 834
455 473 432
456 539 764
457 492 808
458 801 776
458 687 256
459 942 836
459 986 544
461 709 751
461 968 993
463 680 750
463 787 990
463 857 957
463 922 84
463 887 451
464 719 411
464 962 458
464 683 523
465 651 710
466 812 744
466 820 856
466 874 116
467 631 125
467 985 710
467 491 470
468 729 956
468 734 11
468 496 246
469 986 33
471 799 761
472 881 777
472 752 444
472 854 964
472 530 309
473 821 604
474 882 518
474 943 815
474 690 190
474 623 487
474 904 78
475 502 432
476 827 792
476 677 940
477 499 116
477 645 27
477 825 828
478 653 146
479 945 142
480 536 844
481 649 24
481 586 735
481 584 959
482 504 680
483 626 253
483 874 252
484 981 36
484 868 12
485 671 614
485 751 821
485 817 98
486 794 892
486 828 983
486 978 445
487 795 762
489 842 65
489 712 437
489 811 353
489 787 337
490 840 653
490 946 709
491 741 351
492 741 339
494 615 674
496 570 669
496 600 335
496 682 382
496 821 426
498 677 275
499 516 151
500 796 823
500 786 9
500 990 696
501 567 790
501 558 618
502 823 482
502 734 499
503 829 770
504 525 814
504 526 696
505 600 359
506 516 792
506 929 86
506 587 546
506 795 973
507 681 203
507 720 35
508 809 596
508 907 409
508 913 643
509 897 572
510 862 586
511 763 902
512 1000 192
513 625 139
513 877 31
514 523 352
514 634 369
514 813 571
515 528 260
516 700 829
518 612 397
518 593 522
519 581 576
519 871 279
519 976 585
519 982 747
520 797 601
521 590 271
521 880 287
521 934 912
521 602 99
522 846 421
523 530 141
523 620 310
523 830 456
524 716 647
524 958 774
528 596 119
530 621 325
530 650 139
530 699 156
531 767 435
531 611 318
531 750 296
532 812 649
535 954 847
536 818 578
537 784 29
537 837 300
537 543 197
537 619 356
538 673 727
538 909 94
539 633 159
539 740 690
539 620 71
540 727 566
540 573 796
541 646 843
542 993 176
542 812 831
543 976 265
544 767 319
544 652 341
545 710 256
546 807 298
546 912 921
548 936 20
548 859 432
549 886 162
550 582 91
550 605 675
550 951 476
551 595 602
551 622 9
551 662 416
552 872 904
553 717 533
555 850 590
555 657 809
555 866 53
556 775 161
558 609 937
558 809 101
558 571 381
560 984 542
560 668 549
561 954 277
562 697 239
562 656 630
562 674 713
562 931 257
562 608 57
563 621 853
564 585 674
564 619 132
565 660 202
565 816 5
566 817 840
567 606 913
567 898 446
567 868 82
568 619 687
569 902 517
569 700 323
570 611 969
570 798 73
572 826 711
572 946 602
575 743 960
575 596 528
576 630 809
576 803 746
576 868 441
576 878 525
578 796 644
578 664 465
579 616 951
580 714 244
580 994 994
580 606 479
581 628 68
583 672 999
583 631 271
584 1000 670
584 741 789
585 641 311
587 925 338
587 735 720
587 858 417
588 618 638
589 887 159
590 629 459
592 908 197
592 759 872
593 845 554
593 891 424
594 803 441
594 882 33
595 656 848
595 786 937
595 984 395
595 808 946
596 831 328
597 954 227
599 814 231
599 939 235
601 690 704
601 784 266
603 801 516
604 624 449
605 636 973
605 816 615
605 645 802
605 693 616
608 851 439
608 839 279
609 696 633
611 640 655
612 710 24
612 913 552
613 711 219
613 781 715
613 705 731
614 729 686
616 725 723
616 967 651
617 933 362
618 973 767
618 669 448
618 769 283
618 910 947
620 685 667
621 921 283
622 860 832
623 777 58
623 779 744
623 677 66
623 786 906
624 858 507
624 894 351
625 766 117
625 789 420
625 657 945
627 736 810
627 841 658
627 836 56
627 742 124
629 963 875
630 688 313
631 774 593
631 710 507
632 643 569
632 721 855
633 856 207
634 827 632
634 765 663
634 785 429
635 854 188
637 910 275
638 881 60
638 854 445
638 820 4
640 753 199
642 979 195
643 975 677
644 949 518
644 856 232
645 817 305
646 965 546
648 758 573
648 886 745
648 993 315
648 948 13
648 730 484
651 658 879
651 855 3
651 704 395
655 734 66
655 868 645
656 946 229
656 902 64
657 837 18
658 917 598
659 726 70
660 959 779
661 663 854
664 683 393
664 870 983
664 710 168
665 890 25
665 962 197
668 861 928
668 939 354
668 700 670
668 787 801
669 768 502
671 912 252
672 673 896
674 771 475
674 871 734
676 880 752
677 922 177
678 695 166
678 874 771
679 790 742
679 690 621
679 717 971
679 917 546
681 786 655
681 853 221
682 847 827
682 693 846
683 740 431
684 761 25
685 718 901
685 910 615
687 778 495
687 933 860
688 798 547
690 961 454
691 838 112
691 937 933
693 880 252
693 927 123
693 725 917
694 919 758
698 836 998
700 774 131
700 965 854
701 947 515
705 863 446
706 853 666
707 984 523
708 721 822
709 971 777
710 991 212
710 986 837
712 784 639
713 856 992
714 973 851
715 798 104
718 735 905
719 908 111
722 869 252
722 966 309
723 849 701
724 798 495
725 804 742
726 844 532
727 889 231
727 934 481
728 914 680
729 854 257
730 770 81
730 765 84
730 882 781
733 795 486
734 746 976
734 962 369
735 753 139
735 936 62
739 831 683
741 872 820
745 883 561
745 903 525
748 776 789
748 919 175
749 976 479
750 848 331
752 979 97
756 884 359
760 893 979
760 877 535
760 831 148
764 808 224
764 785 443
765 854 955
768 772 47
768 914 604
771 923 897
773 966 503
781 825 149
785 820 402
785 883 271
792 997 738
794 944 294
794 827 134
795 984 753
796 915 504
800 933 500
800 980 967
803 823 965
803 935 496
805 886 699
809 971 165
815 916 510
818 901 746
823 899 355
825 828 776
827 962 567
829 950 664
829 989 709
831 879 508
831 892 995
838 880 965
839 954 569
844 870 453
846 931 940
848 974 242
856 961 110
866 976 306
867 909 254
868 984 250
869 934 772
874 946 167
874 905 421
874 931 205
874 986 222
878 890 637
878 910 300
879 938 99
880 942 205
881 964 961
882 918 272
883 930 812
885 928 592
885 887 389
887 974 975
888 960 596
892 967 670
894 903 772
894 991 607
901 999 639
901 933 835
908 920 166
920 993 434
924 970 942
928 957 369
931 963 1
935 991 311
938 975 442
942 969 852
942 946 141
951 983 519
954 998 634
955 988 511
955 958 949
956 999 141
963 978 501
